2;0.814724;0.276699
1;0.135477;0.0752427
1;0.905792;0.32767
1;0.835009;0.320388
2;0.0244038;0.0539216
1;0.291636;0.286765
1;0.391589;0.328431
1;0.554968;0.330882
2;0.336002;0.199501
1;0.635199;0.34414
1;0.372313;0.249377
1;0.336008;0.206983
2;0.371358;0.2657
1;0.669974;0.379227
1;0.1846;0.135266
1;0.288889;0.219807
2;0.877737;0.451613
1;0.154675;0.200993
1;0.264386;0.290323
1;0.0270264;0.057072
2;0.778965;0.301471
1;0.906266;0.313726
1;0.344546;0.164216
1;0.535618;0.220588
2;0.099053;0.108889
1;0.802721;0.417778
1;0.0568234;0.0555556
1;0.663366;0.417778
2;0.274958;0.105651
1;0.975481;0.361179
1;0.877199;0.373464
1;0.416573;0.159705
2;0.752108;0.291667
1;0.989782;0.321078
1;0.731525;0.289216
1;0.186277;0.0980392
2;0.127625;0.136139
1;0.298817;0.247525
1;0.827804;0.475248
1;0.15663;0.141089
2;0.743342;0.260369
1;0.665784;0.35023
1;0.561274;0.271889
1;0.226091;0.117512
2;0.318708;0.191898
1;0.278169;0.183369
1;0.455839;0.253731
1;0.679018;0.371002
2;0.845067;0.248768
1;0.847484;0.342365
1;0.681415;0.283251
1;0.322367;0.125616
2;0.371404;0.174118
1;0.649173;0.343529
1;0.158098;0.122353
1;0.824022;0.36
2;0.322737;0.218009
1;0.146491;0.14455
1;0.177875;0.123223
1;0.832276;0.514218
2;0.673477;0.229469
1;0.570878;0.224638
1;0.996191;0.323671
1;0.541199;0.222222
2;0.245681;0.109974
1;0.491026;0.230179
1;0.995588;0.360614
1;0.857437;0.299233
2;0.542486;0.255422
1;0.81688;0.390361
1;0.233854;0.139759
1;0.39773;0.214458
2;0.0511731;0.0574413
1;0.129449;0.133159
1;0.946812;0.467363
1;0.551096;0.342037
2;0.42771;0.405152
1;0.218191;0.255269
1;0.0590287;0.100703
1;0.191141;0.238876
2;0.0298933;0.0251256
1;0.411172;0.273869
1;0.424955;0.288945
1;0.757791;0.41206
2;0.404969;0.296296
1;0.436135;0.355556
1;0.0111827;0.0246914
1;0.396358;0.323457
2;0.778873;0.271715
1;0.527003;0.216036
1;0.868569;0.30735
1;0.558144;0.2049
2;0.660782;0.219753
1;0.990595;0.345679
1;0.191809;0.0864198
1;0.862472;0.348148
2;0.96087;0.318519
1;0.802235;0.367901
1;0.246329;0.128395
1;0.316275;0.185185
2;0.365712;0.152425
1;0.835427;0.364896
1;0.230312;0.0969977
1;0.798414;0.385681
2;0.17593;0.150235
1;0.44825;0.35446
1;0.291264;0.2723
1;0.284381;0.223005
2;0.844768;0.351499
1;0.656076;0.356948
1;0.0543866;0.0572207
1;0.320927;0.234332
2;0.356658;0.201995
1;0.113771;0.112219
1;0.283382;0.204489
1;0.824918;0.481297
2;0.703624;0.3
1;0.167613;0.125
1;0.275536;0.159091
1;0.945493;0.415909
2;0.280937;0.143198
1;0.829984;0.389021
1;0.229796;0.138425
1;0.550479;0.329356
2;0.565484;0.2525
1;0.220192;0.1325
1;0.734739;0.3775
1;0.435763;0.2375
2;0.456984;0.276486
1;0.908529;0.51938
1;0.111253;0.105943
1;0.170618;0.0981912
2;0.341745;0.293976
1;0.131713;0.187952
1;0.645731;0.46988
1;0.0339276;0.0481928
2;0.622891;0.221649
1;0.513068;0.175258
1;0.935663;0.306701
1;0.957581;0.296392
2;0.520529;0.207595
1;0.347399;0.151899
1;0.923991;0.321519
1;0.978877;0.318987
2;0.397076;0.266169
1;0.474918;0.455224
1;0.0613387;0.11194
1;0.0775736;0.166667
2;0.547987;0.230047
1;0.351492;0.199531
1;0.610479;0.288732
1;0.6086;0.28169
2;0.292301;0.317422
1;0.264947;0.295943
1;0.151233;0.176611
1;0.182682;0.210024
2;0.896915;0.322115
1;0.854838;0.326923
1;0.32212;0.170673
1;0.30585;0.180288
2;0.942834;0.248768
1;0.359603;0.150246
1;0.525915;0.20936
1;0.93689;0.391626
2;0.439234;0.166667
1;0.882991;0.345588
1;0.312475;0.125
1;0.980096;0.362745
2;0.43876;0.287736
1;0.160203;0.15566
1;0.161145;0.153302
1;0.573721;0.403302
2;0.469669;0.187166
1;0.930685;0.320856
1;0.852551;0.294118
1;0.694439;0.197861
2;0.931979;0.291667
1;0.780443;0.326389
1;0.234882;0.136574
1;0.499788;0.24537
2;0.641991;0.208556
1;0.42733;0.171123
1;0.818972;0.320856
1;0.839798;0.299465
2;0.338264;0.208122
1;0.162358;0.104061
1;0.653795;0.335025
1;0.617923;0.352792
2;0.0121478;0.0477387
1;0.267574;0.30402
1;0.418635;0.407035
1;0.246024;0.241206
2;0.452622;0.166667
1;0.893647;0.358108
1;0.224514;0.128378
1;0.847871;0.346847
2;0.744365;0.346604
1;0.582097;0.323185
1;0.328164;0.222482
1;0.158779;0.107728
2;0.0151526;0.040404
1;0.668011;0.308081
1;0.759319;0.318182
1;0.793439;0.333333
2;0.484126;0.204276
1;0.375547;0.254157
1;0.96309;0.475059
1;0.0649187;0.0665083
2;0.00269114;0.0292793
1;0.60093;0.382883
1;0.678276;0.387387
1;0.235397;0.20045
2;0.946443;0.402878
1;0.57252;0.326139
1;0.436721;0.261391
1;0.0124864;0.00959233
2;0.202171;0.0980392
1;0.761115;0.303922
1;0.490223;0.220588
1;0.983266;0.377451
2;0.261927;0.248804
1;0.143318;0.191388
1;0.0562838;0.069378
1;0.890403;0.490431
2;0.0613763;0.0394089
1;0.670944;0.317734
1;0.418151;0.23399
1;0.805467;0.408867
2;0.757685;0.258373
1;0.533692;0.217703
1;0.808655;0.311005
1;0.482579;0.212919
2;0.800389;0.245863
1;0.528271;0.205674
1;0.991527;0.356974
1;0.58695;0.191489
2;0.350828;0.171642
1;0.471974;0.196517
1;0.623891;0.360697
1;0.641105;0.271144
2;0.720379;0.288177
1;0.169905;0.105911
1;0.9928;0.386699
1;0.432683;0.219212
2;0.157656;0.101351
1;0.713929;0.331081
1;0.551995;0.231982
1;0.832531;0.335586
2;0.251627;0.202186
1;0.441907;0.393443
1;0.349576;0.325137
1;0.0719603;0.079235
2;0.328784;0.216578
1;0.343378;0.248663
1;0.322997;0.227273
1;0.444753;0.307487
2;0.826547;0.355769
1;0.0225457;0.03125
1;0.233453;0.189904
1;0.789452;0.423077
2;0.508295;0.241458
1;0.645584;0.339408
1;0.385814;0.22779
1;0.286578;0.191344
2;0.0449801;0.045
1;0.536174;0.3025
1;0.245508;0.165
1;0.926044;0.4875
2;0.071612;0.0542453
1;0.585884;0.306604
1;0.619197;0.334906
1;0.57508;0.304245
2;0.591596;0.279621
1;0.528171;0.291469
1;0.295332;0.151659
1;0.442066;0.277251
2;0.255519;0.200489
1;0.462617;0.391198
1;0.27311;0.246944
1;0.142336;0.161369
2;0.229802;0.144809
1;0.579422;0.325137
1;0.281087;0.169399
1;0.721721;0.360656
2;0.964038;0.284653
1;0.717756;0.217822
1;0.859173;0.262376
1;0.664941;0.235149
2;0.455706;0.188119
1;0.387103;0.183168
1;0.596727;0.242574
1;0.961484;0.386139
2;0.479616;0.20614
1;0.216063;0.142544
1;0.735105;0.302632
1;0.764808;0.348684
2;0.454794;0.223256
1;0.974718;0.348837
1;0.179847;0.106977
1;0.856717;0.32093
2;0.222547;0.119332
1;0.891307;0.417661
1;0.342996;0.195704
1;0.441352;0.267303
2;0.413017;0.204706
1;0.806393;0.385882
1;0.551169;0.247059
1;0.306709;0.162353
2;0.0646414;0.0638298
1;0.497294;0.382979
1;0.518892;0.385638
1;0.187836;0.167553
2;0.151291;0.0945626
1;0.972882;0.427896
1;0.502083;0.29078
1;0.286925;0.186761
2;0.496982;0.4
1;0.463564;0.447727
1;0.0830847;0.0931818
1;0.0331533;0.0590909
2;0.391853;0.145503
1;0.452537;0.26455
1;0.380266;0.195767
1;0.845472;0.39418
2;0.82826;0.280654
1;0.741062;0.33515
1;0.142943;0.0599455
1;0.913199;0.324251
2;0.581187;0.356796
1;0.51777;0.427184
1;0.122586;0.167476
1;0.0254263;0.0485437
2;0.144004;0.0743405
1;0.904083;0.434053
1;0.588885;0.330935
1;0.217116;0.160671
2;0.733851;0.449153
1;0.317517;0.299435
1;0.210729;0.242938
1;0.00657785;0.00847458
2;0.446744;0.281928
1;0.788748;0.457831
1;0.505402;0.238554
1;0.00730073;0.0216867
2;0.556633;0.192308
1;0.341864;0.153846
1;0.967659;0.343891
1;0.828251;0.309955
2;0.932239;0.291866
1;0.673098;0.299043
1;0.911058;0.34689
1;0.132625;0.062201
2;0.624266;0.305361
1;0.291367;0.179487
1;0.308507;0.230769
1;0.371247;0.284382
2;0.893189;0.373171
1;0.0740776;0.112195
1;0.0502099;0.0487805
1;0.957586;0.465854
2;0.165219;0.0837438
1;0.813195;0.334975
1;0.497726;0.219212
1;0.9847;0.362069
2;0.636142;0.287703
1;0.0530035;0.0417633
1;0.970979;0.50116
1;0.216774;0.169374
2;0.229719;0.117647
1;0.738233;0.340686
1;0.423585;0.210784
1;0.740632;0.330882
2;0.473173;0.207161
1;0.2125;0.122762
1;0.807617;0.30179
1;0.878873;0.368286
2;0.000584567;0.0270936
1;0.0915811;0.1133
1;0.925432;0.460591
1;0.719039;0.399015
2;0.681039;0.291866
1;0.687201;0.433014
1;0.0494129;0.0526316
1;0.304582;0.222488
2;0.310634;0.262599
1;0.625383;0.493369
1;0.122273;0.129973
1;0.126945;0.114058
2;0.240259;0.185751
1;0.712804;0.422392
1;0.109388;0.129771
1;0.351651;0.262087
2;0.838367;0.320186
1;0.204909;0.178654
1;0.0604629;0.0742459
1;0.864068;0.426914
2;0.919512;0.266833
1;0.812131;0.356608
1;0.848342;0.346633
1;0.0889929;0.0299252
2;0.374427;0.143939
1;0.791191;0.295455
1;0.568919;0.214646
1;0.822752;0.34596
2;0.303632;0.208617
1;0.128376;0.133787
1;0.417335;0.294785
1;0.62876;0.362812
2;0.127594;0.14604
1;0.00427901;0.0247525
1;0.534423;0.482673
1;0.411958;0.346535
2;0.660709;0.197727
1;0.960402;0.281818
1;0.589821;0.2
1;0.914367;0.320455
2;0.146325;0.135417
1;0.532809;0.3125
1;0.426366;0.260417
1;0.545528;0.291667
2;0.141583;0.0803782
1;0.978392;0.380615
1;0.666931;0.271868
1;0.585654;0.267139
2;0.463226;0.236203
1;0.145333;0.12362
1;0.158225;0.161148
1;0.912193;0.479029
2;0.50193;0.258537
1;0.440781;0.270732
1;0.214195;0.146341
1;0.610984;0.32439
2;0.0238674;0.0262467
1;0.931834;0.425197
1;0.711362;0.341207
1;0.2875;0.207349
2;0.204974;0.140553
1;0.403384;0.297235
1;0.236038;0.207373
1;0.509565;0.354839
2;0.806713;0.346604
1;0.311378;0.248244
1;0.427293;0.257611
1;0.176528;0.147541
2;0.206819;0.137845
1;0.414692;0.197995
1;0.975827;0.353383
1;0.715818;0.310777
2;0.88914;0.2275
1;0.532863;0.215
1;0.686031;0.26
1;0.730871;0.2975
2;0.296881;0.181598
1;0.533063;0.33414
1;0.908264;0.409201
1;0.113849;0.0750605
2;0.445202;0.191748
1;0.78042;0.32767
1;0.462192;0.213592
1;0.62789;0.26699
2;0.632441;0.248021
1;0.280757;0.100264
1;0.982387;0.335092
1;0.763249;0.316623
2;0.120679;0.198614
1;0.0748538;0.122402
1;0.269021;0.327945
1;0.315179;0.351039
2;0.983831;0.298765
1;0.671647;0.232099
1;0.797045;0.279012
1;0.519914;0.190123
2;0.348512;0.169118
1;0.963993;0.482843
1;0.694583;0.318627
1;0.0139701;0.0294118
2;0.586433;0.326478
1;0.222258;0.197943
1;0.319865;0.254499
1;0.264424;0.22108
2;0.315861;0.18481
1;0.180854;0.116456
1;0.959908;0.410127
1;0.631495;0.288608
2;0.334071;0.208134
1;0.749326;0.342105
1;0.90013;0.37799
1;0.125996;0.0717703
2;0.00925369;0.0243309
1;0.713199;0.306569
1;0.801187;0.3309
1;0.746632;0.3382
2;0.444155;0.226368
1;0.727496;0.457711
1;0.022921;0.0248756
1;0.409727;0.291045
2;0.0138829;0.0268097
1;0.467801;0.243968
1;0.875752;0.378016
1;0.770889;0.351206
2;0.0766885;0.128146
1;0.182111;0.215103
1;0.0768987;0.0915332
1;0.7186;0.565217
2;0.17885;0.112172
1;0.543563;0.315036
1;0.516388;0.286396
1;0.495499;0.286396
2;0.798065;0.24505
1;0.517224;0.183168
1;0.839184;0.259901
1;0.964148;0.311881
2;0.44264;0.186701
1;0.182181;0.109974
1;0.60819;0.327366
1;0.650654;0.375959
2;0.473935;0.267773
1;0.0212768;0.014218
1;0.634268;0.2891
1;0.999581;0.42891
2;0.701847;0.225888
1;0.722;0.256345
1;0.416213;0.19797
1;0.922904;0.319797
2;0.264441;0.131514
1;0.3474;0.203474
1;0.652366;0.384615
1;0.399547;0.280397
2;0.825594;0.222989
1;0.429562;0.172414
1;0.972809;0.298851
1;0.877588;0.305747
2;0.165054;0.202353
1;0.246142;0.275294
1;0.353087;0.303529
1;0.239155;0.218824
2;0.986434;0.280098
1;0.62154;0.218673
1;0.985798;0.334152
1;0.455432;0.167076
2;0.145733;0.110312
1;0.309692;0.146283
1;0.933334;0.414868
1;0.637257;0.328537
2;0.894657;0.366337
1;0.600498;0.34901
1;0.260282;0.160891
1;0.177085;0.123762
2;0.150833;0.0746667
1;0.724891;0.293333
1;0.639288;0.256
1;0.919592;0.376
2;0.936539;0.311475
1;0.460381;0.208431
1;0.945467;0.358314
1;0.290264;0.12178
2;0.288204;0.224227
1;0.35062;0.306701
1;0.37555;0.31701
1;0.179427;0.152062
2;0.547712;0.191038
1;0.904564;0.339623
1;0.100025;0.0636792
1;0.999088;0.40566
2;0.677167;0.352403
1;0.288245;0.237986
1;0.348732;0.244851
1;0.182446;0.16476
2;0.417559;0.316062
1;0.763149;0.474093
1;0.145954;0.176166
1;0.0393239;0.0336788
2;0.514623;0.248
1;0.91862;0.408
1;0.476592;0.304
1;0.0471662;0.04
2;0.440818;0.179856
1;0.409227;0.235012
1;0.954595;0.395683
1;0.346529;0.189448
2;0.387349;0.159494
1;0.659213;0.331646
1;0.160365;0.0936709
1;0.979231;0.41519
2;0.487776;0.233491
1;0.847049;0.370283
1;0.588861;0.275943
1;0.241298;0.120283
2;0.431952;0.184343
1;0.807675;0.35101
1;0.711217;0.318182
1;0.29913;0.146465
2;0.21936;0.159705
1;0.365309;0.253071
1;0.528812;0.371007
1;0.290803;0.216216
2;0.813643;0.2343
1;0.862895;0.282609
1;0.626665;0.207729
1;0.792795;0.275362
2;0.904453;0.482412
1;0.279168;0.266332
1;0.060882;0.0628141
1;0.153252;0.188442
2;0.204498;0.187648
1;0.240946;0.211401
1;0.279088;0.285036
1;0.367675;0.315914
2;0.666573;0.332547
1;0.593954;0.346698
1;0.285366;0.191038
1;0.19463;0.129717
2;0.980405;0.289926
1;0.595395;0.265356
1;0.666167;0.267813
1;0.378334;0.176904
2;0.229046;0.233161
1;0.294372;0.334197
1;0.187833;0.183938
1;0.211767;0.248705
2;0.102138;0.0956938
1;0.964304;0.5311
1;0.485773;0.354067
1;0.0168157;0.0191388
2;0.802406;0.294785
1;0.117338;0.0770975
1;0.565313;0.290249
1;0.697286;0.337868
2;0.363564;0.126005
1;0.91047;0.404826
1;0.497815;0.243968
1;0.428954;0.225201
2;0.895786;0.252983
1;0.624107;0.252983
1;0.909469;0.331742
1;0.47124;0.162291
2;0.346244;0.234483
1;0.632553;0.390805
1;0.502052;0.266667
1;0.115719;0.108046
2;0.868001;0.280928
1;0.961233;0.324742
1;0.832946;0.298969
1;0.212345;0.0953608
2;0.557367;0.204819
1;0.768711;0.298795
1;0.70963;0.284337
1;0.602609;0.212048
2;0.390505;0.176923
1;0.935373;0.405128
1;0.0670843;0.0666667
1;0.842367;0.351282
2;0.825249;0.276119
1;0.835541;0.323383
1;0.514616;0.199005
1;0.465711;0.201493
2;0.0687367;0.111888
1;0.215734;0.202797
1;0.141648;0.200466
1;0.807541;0.484848
2;0.228815;0.199041
1;0.409458;0.304556
1;0.0849844;0.0671463
1;0.874258;0.429257
2;0.275219;0.117048
1;0.132846;0.127226
1;0.800367;0.435115
1;0.608825;0.320611
2;0.679555;0.326711
1;0.0260214;0.0397351
1;0.141371;0.154525
1;0.793286;0.479029
2;0.140827;0.134831
1;0.962646;0.465169
1;0.178921;0.119101
1;0.45976;0.280899
2;0.263532;0.315657
1;0.52507;0.492424
1;0.0440051;0.0858586
1;0.0838635;0.106061
2;0.936249;0.360691
1;0.644436;0.38013
1;0.0743418;0.0799136
1;0.273057;0.179266
2;0.0533303;0.0451306
1;0.599634;0.332542
1;0.850887;0.429929
1;0.391301;0.192399
2;0.273215;0.173913
1;0.567489;0.265446
1;0.715789;0.338673
1;0.316398;0.221968
2;0.345483;0.119617
1;0.828767;0.34689
1;0.651173;0.260766
1;0.64749;0.272727
2;0.583238;0.176623
1;0.393507;0.171429
1;0.720936;0.290909
1;0.888591;0.361039
2;0.662347;0.344059
1;0.322018;0.262376
1;0.170693;0.123762
1;0.370052;0.269802
2;0.845194;0.258454
1;0.414937;0.251208
1;0.386471;0.243961
1;0.483941;0.246377
2;0.796603;0.340153
1;0.508404;0.342711
1;0.35241;0.225064
1;0.183927;0.0920716
2;0.87112;0.321053
1;0.0461709;0.0605263
1;0.393601;0.223684
1;0.829996;0.394737
2;0.395379;0.177083
1;0.599785;0.304688
1;0.205736;0.130208
1;0.678575;0.388021
2;0.114991;0.108374
1;0.600584;0.293103
1;0.453548;0.241379
1;0.711738;0.357143
2;0.775377;0.238095
1;0.628766;0.225564
1;0.874213;0.288221
1;0.666401;0.24812
2;0.40089;0.174497
1;0.435325;0.194631
1;0.990664;0.416107
1;0.5147;0.214765
2;0.438217;0.270341
1;0.569005;0.351706
1;0.405445;0.304462
1;0.0772026;0.0734908
2;0.964463;0.271357
1;0.945968;0.266332
1;0.351557;0.170854
1;0.713696;0.291457
2;0.599603;0.219839
1;0.672944;0.284182
1;0.590318;0.262735
1;0.399548;0.233244
2;0.317196;0.140049
1;0.867324;0.34398
1;0.944481;0.316953
1;0.408605;0.199017
2;0.680747;0.312941
1;0.110743;0.108235
1;0.34578;0.2
1;0.628976;0.378824
2;0.837165;0.429245
1;0.602825;0.436321
1;0.00898874;0.0330189
1;0.0457751;0.101415
2;0.610909;0.293532
1;0.607083;0.310945
1;0.659574;0.318408
1;0.145393;0.0771144
2;0.423514;0.213542
1;0.504131;0.28125
1;0.307126;0.197917
1;0.589527;0.307292
2;0.5902;0.194226
1;0.880134;0.278215
1;0.847274;0.259843
1;0.798255;0.267717
2;0.881898;0.334129
1;0.616623;0.341289
1;0.036712;0.0310263
1;0.465382;0.293556
2;0.104004;0.0833333
1;0.697934;0.322917
1;0.688931;0.372396
1;0.39256;0.221354
2;0.844963;0.351981
1;0.380907;0.265734
1;0.176041;0.0909091
1;0.481422;0.291375
2;0.484297;0.227041
1;0.564322;0.219388
1;0.400591;0.219388
1;0.719701;0.334184
2;0.970517;0.263566
1;0.922616;0.325581
1;0.333437;0.155039
1;0.703022;0.255814
2;0.832364;0.300995
1;0.146672;0.0870647
1;0.996677;0.358209
1;0.526752;0.253731
2;0.826516;0.325183
1;0.342317;0.198044
1;0.219792;0.114914
1;0.801443;0.361858
2;0.34405;0.225888
1;0.19591;0.13198
1;0.916555;0.502538
1;0.165379;0.139594
2;0.520389;0.244851
1;0.313663;0.208238
1;0.392094;0.215103
1;0.751579;0.331808
2;0.250581;0.207944
1;0.406364;0.306075
1;0.175995;0.203271
1;0.309039;0.28271
2;0.649569;0.252336
1;0.309138;0.21028
1;0.561363;0.317757
1;0.381723;0.219626
2;0.873176;0.27451
1;0.300968;0.171569
1;0.907012;0.448529
1;0.145449;0.105392
2;0.622644;0.193548
1;0.741789;0.272953
1;0.709117;0.263027
1;0.787534;0.270471
2;0.543679;0.197044
1;0.840793;0.339901
1;0.71749;0.305419
1;0.337427;0.157635
2;0.283331;0.199475
1;0.65717;0.461942
1;0.333398;0.299213
1;0.0299462;0.0393701
2;0.47735;0.240506
1;0.470715;0.273418
1;0.974493;0.41519
1;0.0965818;0.0708861
2;0.921471;0.254989
1;0.865102;0.243902
1;0.995313;0.257206
1;0.708728;0.243902
2;0.13148;0.0739857
1;0.78342;0.288783
1;0.811903;0.360382
1;0.520576;0.27685
2;0.41399;0.154762
1;0.674928;0.311905
1;0.369042;0.128571
1;0.827111;0.404762
2;0.975805;0.266204
1;0.734924;0.236111
1;0.716734;0.266204
1;0.760042;0.231481
2;0.298856;0.272289
1;0.385368;0.342169
1;0.349347;0.279518
1;0.0795709;0.106024
2;0.809937;0.281596
1;0.792155;0.343681
1;0.085837;0.075388
1;0.675529;0.299335
2;0.401833;0.24557
1;0.283574;0.197468
1;0.498751;0.351899
1;0.27521;0.205063
2;0.047443;0.0547619
1;0.977378;0.47381
1;0.875537;0.395238
1;0.131414;0.0761905
2;0.25836;0.216667
1;0.279431;0.266667
1;0.197547;0.159524
1;0.455973;0.357143
2;0.185832;0.158416
1;0.601742;0.398515
1;0.0710475;0.0866337
1;0.636417;0.356436
2;0.0504333;0.0557029
1;0.345797;0.238727
1;0.754743;0.427056
1;0.434228;0.278515
2;0.339665;0.151365
1;0.945137;0.384615
1;0.996434;0.382134
1;0.205846;0.0818859
2;0.6762;0.265734
1;0.304739;0.212121
1;0.175094;0.132867
1;0.855055;0.389277
2;0.72326;0.268692
1;0.919025;0.366822
1;0.838364;0.310748
1;0.0755197;0.0537383
2;0.631034;0.277647
1;0.740794;0.428235
1;0.162081;0.0988235
1;0.371033;0.195294
2;0.362439;0.295566
1;0.213072;0.216749
1;0.196058;0.187192
1;0.278528;0.300493
2;0.729438;0.254593
1;0.56017;0.228346
1;0.692492;0.24147
1;0.71634;0.275591
2;0.226213;0.133971
1;0.807049;0.339713
1;0.583356;0.351675
1;0.38229;0.174641
2;0.289902;0.223919
1;0.0669077;0.0712468
1;0.202597;0.175573
1;0.892625;0.529262
2;0.4756;0.165548
1;0.531137;0.237136
1;0.523513;0.288591
1;0.626617;0.308725
2;0.502866;0.328244
1;0.56884;0.455471
1;0.201316;0.185751
1;0.016865;0.0305344
2;0.0695051;0.058548
1;0.6805;0.318501
1;0.850042;0.30445
1;0.995855;0.318501
2;0.50872;0.172932
1;0.972745;0.358396
1;0.591739;0.230576
1;0.622898;0.238095
2;0.103436;0.167476
1;0.24482;0.32767
1;0.22996;0.339806
1;0.13951;0.165049
2;0.00936056;0.029484
1;0.772286;0.385749
1;0.937524;0.39312
1;0.354287;0.191646
2;0.817205;0.271008
1;0.193465;0.115546
1;0.694904;0.304622
1;0.625785;0.308824
2;0.845027;0.301266
1;0.563024;0.286076
1;0.986448;0.389873
1;0.034035;0.0227848
2;0.763657;0.313084
1;0.100099;0.0957944
1;0.34795;0.21729
1;0.780508;0.373832
2;0.960693;0.289157
1;0.721795;0.291566
1;0.747777;0.296386
1;0.228226;0.122892
2;0.0344637;0.0461165
1;0.815485;0.48301
1;0.432094;0.300971
1;0.270549;0.169903
2;0.661345;0.300231
1;0.115199;0.0969977
1;0.193557;0.166282
1;0.845451;0.43649
2;0.291275;0.140187
1;0.785806;0.310748
1;0.582589;0.196262
1;0.905463;0.352804
2;0.301205;0.156542
1;0.399887;0.292056
1;0.823132;0.373832
1;0.391965;0.17757
2;0.346491;0.189376
1;0.738025;0.371824
1;0.776814;0.378753
1;0.114883;0.0600462
2;0.721806;0.239892
1;0.86308;0.345013
1;0.744687;0.350404
1;0.102908;0.06469
2;0.549663;0.236534
1;0.249884;0.145199
1;0.790824;0.381733
1;0.476706;0.236534
2;0.399798;0.189526
1;0.610493;0.329177
1;0.902539;0.418953
1;0.124933;0.0623441
2;0.842746;0.295285
1;0.64492;0.287841
1;0.626761;0.255583
1;0.256809;0.16129
2;0.0641753;0.105943
1;0.641726;0.552972
1;0.280403;0.315245
1;0.00527068;0.0258398
2;0.112039;0.1
1;0.445871;0.355
1;0.410834;0.3525
1;0.145608;0.1925
2;0.0965127;0.112172
1;0.387335;0.315036
1;0.117738;0.0954654
1;0.657588;0.477327
2;0.335292;0.214623
1;0.227179;0.165094
1;0.881378;0.431604
1;0.271224;0.188679
2;0.951154;0.279487
1;0.481432;0.210256
1;0.705933;0.248718
1;0.693392;0.261538
2;0.0684611;0.0809399
1;0.417391;0.295039
1;0.525948;0.365535
1;0.35699;0.258486
2;0.840751;0.370546
1;0.155754;0.109264
1;0.264982;0.216152
1;0.644156;0.304038
2;0.320176;0.133949
1;0.792787;0.277136
1;0.90821;0.332564
1;0.75565;0.256351
2;0.0943632;0.200495
1;0.0318887;0.0915842
1;0.378337;0.638614
1;0.0297899;0.0693069
2;0.370021;0.157767
1;0.942373;0.398058
1;0.794424;0.291262
1;0.302957;0.152913
2;0.044938;0.155056
1;0.0375579;0.0786517
1;0.334004;0.52809
1;0.0768175;0.238202
2;0.137909;0.104116
1;0.202308;0.142857
1;0.423519;0.254237
1;0.900889;0.498789
2;0.814413;0.456731
1;0.397959;0.353365
1;0.141646;0.15625
1;0.0207906;0.0336538
2;0.152188;0.180328
1;0.136745;0.131148
1;0.967048;0.578454
1;0.0837492;0.11007
2;0.989372;0.34596
1;0.516261;0.277778
1;0.0520244;0.020202
1;0.828346;0.356061
2;0.303212;0.163415
1;0.769552;0.370732
1;0.264312;0.14878
1;0.658573;0.317073
2;0.799547;0.237113
1;0.713578;0.237113
1;0.982102;0.309278
1;0.519972;0.216495
2;0.438764;0.32634
1;0.0890815;0.137529
1;0.0889688;0.158508
1;0.320068;0.377622
2;0.089808;0.0806045
1;0.74797;0.405542
1;0.193111;0.148615
1;0.593757;0.365239
2;0.695048;0.27665
1;0.663226;0.271574
1;0.781768;0.329949
1;0.34345;0.121827
2;0.210318;0.172414
1;0.18755;0.194581
1;0.917477;0.564039
1;0.0571232;0.0689655
2;0.366028;0.327778
1;0.0587065;0.0805556
1;0.0877867;0.127778
1;0.471049;0.463889
2;0.445129;0.211207
1;0.4614;0.206897
1;0.799394;0.37931
1;0.434334;0.202586
2;0.819899;0.335714
1;0.649125;0.407143
1;0.119454;0.1
1;0.199801;0.157143
2;0.686652;0.28266
1;0.292382;0.16152
1;0.62226;0.232779
1;0.62883;0.32304
2;0.256399;0.188679
1;0.0442001;0.0518868
1;0.851175;0.445755
1;0.457761;0.313679
2;0.569875;0.22381
1;0.338301;0.116667
1;0.831013;0.321429
1;0.951475;0.338095
2;0.873027;0.228972
1;0.475933;0.184579
1;0.993086;0.352804
1;0.690235;0.233645
2;0.207221;0.265116
1;0.0870527;0.146512
1;0.0151723;0.0395349
1;0.764983;0.548837
2;0.283621;0.153285
1;0.494378;0.231144
1;0.382089;0.22871
1;0.866542;0.386861
2;0.974856;0.391827
1;0.214481;0.100962
1;0.628226;0.310096
1;0.332261;0.197115
2;0.379384;0.232323
1;0.158439;0.133838
1;0.409363;0.265152
1;0.597539;0.368687
2;0.101765;0.0898345
1;0.29088;0.182033
1;0.890798;0.385343
1;0.737438;0.34279
2;0.67098;0.318296
1;0.186822;0.110276
1;0.959386;0.483709
1;0.0985806;0.0877193
2;0.239981;0.141439
1;0.322563;0.210918
1;0.548351;0.277916
1;0.782584;0.369727
2;0.914446;0.308046
1;0.43123;0.206897
1;0.413829;0.172414
1;0.793021;0.312644
2;0.277145;0.141414
1;0.709619;0.25
1;0.864151;0.29798
1;0.9294;0.310606
2;0.00765786;0.0378251
1;0.403732;0.361702
1;0.126908;0.13948
1;0.662064;0.460993
2;0.56857;0.247086
1;0.597542;0.261072
1;0.438453;0.172494
1;0.805023;0.319347
2;0.0822734;0.0533981
1;0.663455;0.305825
1;0.83821;0.313107
1;0.977556;0.32767
2;0.516517;0.174564
1;0.978854;0.289277
1;0.59995;0.25187
1;0.794508;0.284289
2;0.472156;0.171582
1;0.592197;0.198391
1;0.847294;0.335121
1;0.593377;0.294906
2;0.90224;0.277108
1;0.234995;0.108434
1;0.862634;0.33253
1;0.88617;0.281928
2;0.318096;0.136585
1;0.503483;0.180488
1;0.98429;0.329268
1;0.958533;0.353659
2;0.045496;0.0643564
1;0.515508;0.299505
1;0.240586;0.200495
1;0.721149;0.435644
2;0.343956;0.11
1;0.946865;0.34
1;0.928521;0.29
1;0.67623;0.26
2;0.840546;0.30273
1;0.207828;0.116625
1;0.532775;0.263027
1;0.556365;0.317618
2;0.800633;0.498765
1;0.0687085;0.135802
1;0.184015;0.298765
1;0.0251149;0.0666667
2;0.155265;0.0764873
1;0.489335;0.263456
1;0.500244;0.291785
1;0.816054;0.368272
2;0.65817;0.273684
1;0.829229;0.392105
1;0.119674;0.0842105
1;0.629355;0.25
2;0.403907;0.163842
1;0.292172;0.158192
1;0.476079;0.237288
1;0.907082;0.440678
2;0.0325932;0.0345679
1;0.498485;0.249383
1;0.752297;0.306173
1;0.787404;0.409877
2;0.00135972;0.015544
1;0.439912;0.287565
1;0.648259;0.352332
1;0.640528;0.34456
2;0.606992;0.212121
1;0.497004;0.247475
1;0.994886;0.416667
1;0.274199;0.123737
2;0.281981;0.133166
1;0.794848;0.326633
1;0.800085;0.253769
1;0.704511;0.286432
2;0.780283;0.238202
1;0.827912;0.260674
1;0.832146;0.258427
1;0.760318;0.242697
2;0.563799;0.199052
1;0.536778;0.220379
1;0.946707;0.331754
1;0.58755;0.248815
2;0.260251;0.207792
1;0.44193;0.290909
1;0.0452695;0.0337662
1;0.944621;0.467532
2;0.404293;0.276284
1;0.133066;0.100244
1;0.69956;0.391198
1;0.356132;0.232274
2;0.828359;0.342233
1;0.933744;0.395631
1;0.0772909;0.0461165
1;0.423624;0.216019
2;0.831678;0.325521
1;0.856579;0.354167
1;0.149942;0.111979
1;0.356011;0.208333
2;0.12762;0.080292
1;0.309263;0.182482
1;0.551522;0.309002
1;0.785443;0.428224
2;0.923005;0.530864
1;0.172701;0.224691
1;0.0127849;0.0320988
1;0.132596;0.212346
2;0.867976;0.482063
1;0.249139;0.280269
1;0.211344;0.219731
1;0.00938233;0.0179372
2;0.479572;0.218274
1;0.453338;0.230964
1;0.597439;0.299492
1;0.585426;0.251269
2;0.623488;0.25522
1;0.621309;0.322506
1;0.2661;0.160093
1;0.431988;0.262181
2;0.471553;0.355932
1;0.656231;0.469734
1;0.0609616;0.142857
1;0.00588587;0.031477
2;0.570744;0.23192
1;0.930092;0.42394
1;0.436778;0.281796
1;0.108256;0.0623441
2;0.0655499;0.0569307
1;0.533507;0.215347
1;0.940348;0.398515
1;0.759895;0.329208
2;0.352535;0.171216
1;0.591729;0.310174
1;0.832757;0.297767
1;0.424815;0.220844
2;0.06312;0.0785714
1;0.329966;0.361905
1;0.0716073;0.0714286
1;0.695459;0.488095
2;0.642014;0.407834
1;0.234371;0.347926
1;0.0812197;0.154378
1;0.05943;0.0898618
2;0.810152;0.337408
1;0.888695;0.378973
1;0.380364;0.168704
1;0.179008;0.114914
2;0.412235;0.321867
1;0.362134;0.326781
1;0.3385;0.304668
1;0.0367685;0.046683
2;0.600462;0.307329
1;0.86425;0.423168
1;0.366404;0.224586
1;0.0583978;0.0449173
2;0.386268;0.335766
1;0.178784;0.226277
1;0.44919;0.396594
1;0.0415177;0.0413625
2;0.350123;0.209524
1;0.699398;0.392857
1;0.145142;0.121429
1;0.459947;0.27619
2;0.551141;0.21447
1;0.560015;0.299742
1;0.246383;0.142119
1;0.703995;0.343669
2;0.328754;0.182292
1;0.728442;0.434896
1;0.355025;0.247396
1;0.172606;0.135417
2;0.402551;0.29902
1;0.384519;0.367647
1;0.0376493;0.0514706
1;0.282255;0.281863
2;0.0472675;0.0593824
1;0.806962;0.467934
1;0.117112;0.0973872
1;0.551907;0.375297
2;0.0216862;0.0454545
1;0.265136;0.252525
1;0.316852;0.330808
1;0.361304;0.371212
2;0.178261;0.137203
1;0.18377;0.134565
1;0.522681;0.353562
1;0.595615;0.37467
2;0.148923;0.0837438
1;0.707717;0.403941
1;0.603654;0.381773
1;0.226807;0.130542
2;0.624446;0.331731
1;0.247136;0.254808
1;0.164188;0.182692
1;0.302458;0.230769
2;0.204736;0.232227
1;0.646421;0.547393
1;0.0635308;0.101896
1;0.0786621;0.118483
2;0.130931;0.0980392
1;0.609106;0.421569
1;0.226016;0.147059
1;0.619128;0.333333
2;0.240654;0.14486
1;0.1549;0.088785
1;0.956975;0.413551
1;0.656908;0.352804
2;0.0264368;0.0436782
1;0.535394;0.285057
1;0.489523;0.298851
1;0.752738;0.372414
2;0.456009;0.246696
1;0.162403;0.136564
1;0.301752;0.277533
1;0.489273;0.339207
2;0.868704;0.241379
1;0.96328;0.401478
1;0.498666;0.246305
1;0.301109;0.110837
2;0.0666278;0.0684932
1;0.183395;0.182648
1;0.683181;0.442922
1;0.275462;0.305936
2;0.314339;0.130926
1;0.843235;0.297968
1;0.504205;0.205418
1;0.820029;0.365688
2;0.264141;0.157895
1;0.25188;0.192982
1;0.909555;0.448622
1;0.25899;0.200501
2;0.160925;0.156627
1;0.190032;0.226506
1;0.120981;0.180723
1;0.591503;0.436145
2;0.765026;0.312354
1;0.295839;0.188811
1;0.534287;0.284382
1;0.39151;0.214452
2;0.138521;0.0932401
1;0.472244;0.237762
1;0.491656;0.265734
1;0.907105;0.403263
2;0.94516;0.334895
1;0.324384;0.187354
1;0.870961;0.35363
1;0.292018;0.124122
2;0.589416;0.3025
1;0.93826;0.5125
1;0.127393;0.1275
1;0.0541398;0.0575
2;0.260842;0.106796
1;0.517432;0.203883
1;0.845001;0.334951
1;0.875834;0.354369
2;0.138441;0.104072
1;0.350834;0.167421
1;0.800895;0.334842
1;0.986086;0.393665
2;0.130582;0.0578313
1;0.564304;0.262651
1;0.841023;0.33253
1;0.883317;0.346988
2;0.631791;0.24557
1;0.997237;0.341772
1;0.997381;0.349367
1;0.18471;0.0632911
2;0.39488;0.18451
1;0.917581;0.412301
1;0.66692;0.268793
1;0.207542;0.134396
2;0.0609353;0.0401786
1;0.903621;0.341518
1;0.873941;0.314732
1;0.790854;0.303571
2;0.17406;0.138824
1;0.943725;0.498824
1;0.229438;0.148235
1;0.297157;0.214118
2;0.0362623;0.0566893
1;0.673564;0.321995
1;0.62134;0.249433
1;0.715224;0.371882
2;0.835894;0.236659
1;0.921121;0.285383
1;0.790787;0.264501
1;0.694463;0.213457
2;0.481882;0.329843
1;0.397905;0.405759
1;0.0381173;0.0575916
1;0.189848;0.206806
2;0.585507;0.276961
1;0.202925;0.193627
1;0.0993843;0.0735294
1;0.840227;0.455882
2;0.476785;0.229075
1;0.21095;0.143172
1;0.568354;0.299559
1;0.622811;0.328194
2;0.171856;0.116751
1;0.579948;0.286802
1;0.741954;0.271574
1;0.668307;0.324873
2;0.392125;0.167939
1;0.289795;0.139949
1;0.718822;0.287532
1;0.924426;0.40458
2;0.0152762;0.0306604
1;0.546242;0.356132
1;0.614851;0.363208
1;0.34253;0.25
2;0.58364;0.200514
1;0.92648;0.352185
1;0.830909;0.354756
1;0.177578;0.092545
2;0.1362;0.0684327
1;0.813487;0.333333
1;0.738738;0.302428
1;0.795899;0.295806
2;0.692139;0.264775
1;0.271354;0.179669
1;0.51983;0.321513
1;0.383378;0.234043
2;0.100567;0.0763723
1;0.299889;0.200477
1;0.847431;0.455847
1;0.425303;0.267303
2;0.499471;0.201005
1;0.972939;0.439698
1;0.0884383;0.0778894
1;0.515508;0.281407
2;0.59305;0.185096
1;0.793293;0.276442
1;0.921195;0.274038
1;0.728893;0.264423
2;0.793287;0.262626
1;0.58003;0.262626
1;0.914297;0.280303
1;0.570302;0.194444
2;0.604569;0.258794
1;0.831023;0.346734
1;0.186034;0.0778894
1;0.611037;0.316583
2;0.914831;0.418224
1;0.452582;0.341121
1;0.284762;0.228972
1;0.00572177;0.0116822
2;0.440824;0.234097
1;0.921114;0.501272
1;0.149897;0.0839695
1;0.194492;0.180662
2;0.408852;0.2
1;0.770303;0.379545
1;0.587944;0.315909
1;0.205673;0.104545
2;0.634135;0.353774
1;0.324838;0.266509
1;0.000810766;0.00707547
1;0.695136;0.372642
2;0.928063;0.365
1;0.867084;0.4825
1;0.1012;0.125
1;0.0258725;0.0275
2;0.742208;0.267532
1;0.807316;0.267532
1;0.97941;0.32987
1;0.35775;0.135065
2;0.655454;0.26506
1;0.375853;0.195181
1;0.91005;0.395181
1;0.307573;0.144578
2;0.45904;0.167959
1;0.918544;0.299742
1;0.517375;0.18863
1;0.888103;0.343669
2;0.335767;0.21372
1;0.249431;0.240106
1;0.0770586;0.055409
1;0.857107;0.490765
2;0.571466;0.246377
1;0.0256702;0.031401
1;0.487101;0.285024
1;0.883672;0.437198
2;0.468992;0.259067
1;0.28319;0.173575
1;0.583979;0.313471
1;0.272012;0.253886
2;0.939227;0.241218
1;0.679695;0.196721
1;0.716101;0.241218
1;0.806684;0.320843
2;0.485534;0.260976
1;0.419996;0.34878
1;0.146411;0.129268
1;0.359194;0.260976
2;0.285094;0.130435
1;0.838014;0.236715
1;0.789533;0.277778
1;0.972479;0.355072
2;0.211514;0.165138
1;0.206217;0.142202
1;0.469316;0.300459
1;0.631066;0.392202
2;0.469244;0.258454
1;0.149168;0.125604
1;0.182353;0.115942
1;0.8709;0.5
2;0.864926;0.402469
1;0.246208;0.190123
1;0.302556;0.239506
1;0.245495;0.167901
2;0.825956;0.231959
1;0.752047;0.239691
1;0.996874;0.335052
1;0.567218;0.193299
2;0.907184;0.324519
1;0.708882;0.247596
1;0.170635;0.0865385
1;0.845444;0.341346
2;0.49224;0.175439
1;0.43672;0.195489
1;0.913436;0.33584
1;0.808341;0.293233
2;0.645466;0.339713
1;0.075678;0.069378
1;0.279644;0.188995
1;0.760262;0.401914
2;0.925089;0.309045
1;0.728056;0.334171
1;0.256107;0.160804
1;0.312952;0.19598
2;0.801863;0.284987
1;0.136544;0.086514
1;0.64541;0.290076
1;0.939424;0.338422
2;0.405406;0.204434
1;0.747499;0.391626
1;0.913864;0.381773
1;0.0258193;0.0221675
2;0.806903;0.249417
1;0.715603;0.247086
1;0.943155;0.277389
1;0.660365;0.226107
2;0.61753;0.234043
1;0.499085;0.238771
1;0.970973;0.349882
1;0.376794;0.177305
2;0.359014;0.313433
1;0.694177;0.517413
1;0.0159108;0.0298507
1;0.0768322;0.139303
2;0.355754;0.244505
1;0.170037;0.21978
1;0.0522322;0.0934066
1;0.578904;0.442308
2;0.923103;0.342857
1;0.39673;0.238095
1;0.570216;0.283333
1;0.22392;0.135714
2;0.102039;0.0870588
1;0.570811;0.284706
1;0.188987;0.197647
1;0.662051;0.430588
2;0.113846;0.0413437
1;0.970241;0.29199
1;0.919364;0.341085
1;0.963082;0.325581
2;0.0186575;0.0698324
1;0.0016249;0.0139665
1;0.630532;0.469274
1;0.641648;0.446927
2;0.770824;0.395778
1;0.527256;0.292876
1;0.0589247;0.0527704
1;0.403111;0.258575
2;0.0752168;0.0574713
1;0.507369;0.31954
1;0.653205;0.422989
1;0.267657;0.2
2;0.337542;0.203837
1;0.683223;0.381295
1;0.0428199;0.0407674
1;0.73427;0.374101
2;0.938555;0.316708
1;0.591679;0.319202
1;0.385351;0.197007
1;0.319747;0.167082
2;0.704773;0.228637
1;0.750391;0.399538
1;0.792365;0.355658
1;0.0307173;0.0161663
2;0.260089;0.123007
1;0.701738;0.371298
1;0.41351;0.200456
1;0.592872;0.305239
2;0.379289;0.192208
1;0.574537;0.311688
1;0.0767143;0.0727273
1;0.79063;0.423377
2;0.335028;0.144165
1;0.521757;0.221968
1;0.986165;0.375286
1;0.726622;0.258581
2;0.366017;0.160099
1;0.468769;0.231527
1;0.689995;0.334975
1;0.588617;0.273399
2;0.0343702;0.0496278
1;0.937583;0.292804
1;0.973638;0.35732
1;0.83483;0.300248
2;0.290653;0.157248
1;0.612831;0.378378
1;0.490271;0.307125
1;0.249811;0.157248
2;0.196428;0.107579
1;0.246257;0.163814
1;0.766166;0.486553
1;0.332752;0.242054
2;0.449681;0.238961
1;0.234673;0.163636
1;0.844472;0.45974
1;0.177473;0.137662
2;0.883425;0.324582
1;0.444866;0.22673
1;0.267297;0.169451
1;0.502738;0.279236
2;0.405549;0.177305
1;0.243915;0.156028
1;0.937992;0.330969
1;0.937036;0.335697
2;0.905994;0.377451
1;0.0222595;0.0269608
1;0.73425;0.360294
1;0.361491;0.235294
2;0.472041;0.2109
1;0.260364;0.184834
1;0.969103;0.490521
1;0.19533;0.113744
2;0.0879332;0.030303
1;0.67806;0.247475
1;0.725981;0.328283
1;0.830795;0.393939
2;0.821937;0.305419
1;0.045834;0.0492611
1;0.776283;0.342365
1;0.677702;0.302956
2;0.0646686;0.0494792
1;0.995935;0.445312
1;0.604027;0.283854
1;0.547443;0.221354
2;0.563422;0.253394
1;0.283991;0.190045
1;0.51211;0.30543
1;0.423327;0.251131
2;0.103507;0.0692841
1;0.62806;0.254042
1;0.66552;0.30254
1;0.858457;0.374134
2;0.437593;0.192825
1;0.498497;0.213004
1;0.656877;0.2713
1;0.788597;0.32287
2;0.744377;0.285398
1;0.810939;0.334071
1;0.0692049;0.0464602
1;0.852108;0.334071
2;0.0474419;0.160633
1;0.120334;0.386878
1;0.0370139;0.126697
1;0.137401;0.325792
2;0.021175;0.0546875
1;0.182503;0.265625
1;0.644912;0.505208
1;0.104053;0.174479
2;0.80438;0.282407
1;0.674779;0.391204
1;0.017259;0.0185185
1;0.551196;0.30787
2;0.401149;0.220903
1;0.260663;0.16152
1;0.767263;0.306413
1;0.601765;0.311164
2;0.0858388;0.0740741
1;0.502429;0.246032
1;0.838717;0.412698
1;0.62695;0.267196
2;0.370021;0.177419
1;0.415622;0.290323
1;0.166864;0.101382
1;0.93198;0.430876
2;0.993955;0.26087
1;0.682102;0.258312
1;0.622116;0.278772
1;0.484929;0.202046
2;0.430347;0.20197
1;0.530324;0.285714
1;0.737996;0.357143
1;0.218533;0.155172
2;0.255767;0.143216
1;0.888512;0.336683
1;0.9508;0.407035
1;0.239862;0.113065
2;0.794641;0.281395
1;0.801526;0.393023
1;0.297709;0.137209
1;0.410268;0.188372
2;0.503407;0.191436
1;0.620298;0.27204
1;0.808071;0.277078
1;0.698736;0.259446
2;0.227549;0.143216
1;0.618766;0.339196
1;0.930586;0.39196
1;0.203289;0.125628
2;0.598589;0.316901
1;0.913919;0.399061
1;0.138873;0.0892019
1;0.248693;0.194836
2;0.664605;0.205811
1;0.551338;0.234867
1;0.46572;0.215496
1;0.907368;0.343826
2;0.975652;0.279597
1;0.255883;0.151134
1;0.615577;0.224181
1;0.929618;0.345088
2;0.029111;0.0654912
1;0.270666;0.183879
1;0.822262;0.397985
1;0.763885;0.352645
2;0.916456;0.268421
1;0.5871;0.228947
1;0.766149;0.297368
1;0.438167;0.205263
2;0.404227;0.163772
1;0.910642;0.352357
1;0.651582;0.19603
1;0.801255;0.287841
2;0.155892;0.117647
1;0.448738;0.289216
1;0.0713276;0.0735294
1;0.887333;0.519608
2;0.442977;0.184579
1;0.622358;0.336449
1;0.636862;0.294393
1;0.370789;0.184579
2;0.0815044;0.0820896
1;0.591117;0.348259
1;0.302005;0.196517
1;0.740068;0.373134
2;0.291157;0.319635
1;0.0151415;0.0456621
1;0.0353162;0.114155
1;0.522505;0.520548
2;0.221692;0.168704
1;0.177144;0.0929095
1;0.835829;0.459658
1;0.471115;0.278729
2;0.67448;0.270073
1;0.637884;0.272506
1;0.426818;0.153285
1;0.683162;0.304136
2;0.0601961;0.130864
1;0.692389;0.575309
1;0.0740625;0.155556
1;0.0562799;0.138272
2;0.747538;0.336406
1;0.288359;0.172811
1;0.333038;0.163594
1;0.868099;0.327189
2;0.767958;0.272289
1;0.616629;0.272289
1;0.995248;0.407229
1;0.0598092;0.0481928
2;0.448156;0.182819
1;0.864046;0.319383
1;0.878667;0.325991
1;0.371559;0.171806
2;0.702411;0.256579
1;0.722785;0.326754
1;0.202077;0.0921053
1;0.783241;0.324561
2;0.471726;0.196468
1;0.521319;0.251656
1;0.726036;0.298013
1;0.564552;0.253863
2;0.317819;0.132388
1;0.927233;0.3026
1;0.712946;0.356974
1;0.44015;0.208038
2;0.526966;0.219577
1;0.58423;0.259259
1;0.672236;0.253968
1;0.568631;0.267196
2;0.459032;0.225389
1;0.845403;0.468912
1;0.0524086;0.0259067
1;0.393199;0.279793
2;0.0314774;0.0290828
1;0.8011;0.387025
1;0.707153;0.387025
1;0.287902;0.196868
2;0.477022;0.23057
1;0.22366;0.186529
1;0.818053;0.404145
1;0.310843;0.178756
2;0.311141;0.188586
1;0.178721;0.131514
1;0.888154;0.394541
1;0.487146;0.28536
2;0.919201;0.310174
1;0.46861;0.260546
1;0.331468;0.205955
1;0.480874;0.223325
2;0.353112;0.235149
1;0.330437;0.217822
1;0.846162;0.470297
1;0.0742718;0.0767327
2;0.348036;0.17321
1;0.917951;0.3903
1;0.419174;0.230947
1;0.370284;0.205543
2;0.460127;0.254902
1;0.176783;0.125
1;0.527807;0.323529
1;0.519367;0.296569
2;0.652446;0.365333
1;0.321795;0.290667
1;0.173602;0.194667
1;0.140701;0.149333
2;0.298467;0.220624
1;0.6011;0.359712
1;0.0288044;0.0215827
1;0.566423;0.398082
2;0.703443;0.250602
1;0.357459;0.2
1;0.675262;0.272289
1;0.869286;0.277108
2;0.709354;0.255605
1;0.907032;0.316143
1;0.255162;0.123318
1;0.854972;0.304933
2;0.265939;0.160305
1;0.868232;0.407125
1;0.900273;0.363868
1;0.0927835;0.0687023
2;0.842391;0.330749
1;0.396452;0.25323
1;0.42814;0.250646
1;0.246432;0.165375
2;0.65133;0.231552
1;0.408224;0.21374
1;0.784315;0.333333
1;0.475859;0.221374
2;0.864757;0.330935
1;0.583123;0.235012
1;0.483812;0.28777
1;0.245246;0.146283
2;0.750484;0.259259
1;0.918767;0.338272
1;0.253633;0.106173
1;0.810167;0.296296
2;0.267194;0.199507
1;0.652942;0.403941
1;0.262169;0.224138
1;0.209422;0.172414
2;0.988524;0.3257
1;0.387053;0.223919
1;0.842231;0.394402
1;0.0817642;0.0559796
2;0.983305;0.378685
1;0.185369;0.156463
1;0.191246;0.165533
1;0.458639;0.29932
2;0.955667;0.311321
1;0.671072;0.287736
1;0.613688;0.283019
1;0.185709;0.117925
2;0.603098;0.211055
1;0.993913;0.346734
1;0.631292;0.226131
1;0.473326;0.21608
2;0.109026;0.0808824
1;0.464448;0.387255
1;0.215705;0.198529
1;0.354156;0.333333
2;0.120899;0.0771028
1;0.527016;0.35514
1;0.407324;0.320093
1;0.361843;0.247664
2;0.393624;0.187793
1;0.609998;0.237089
1;0.714694;0.375587
1;0.388519;0.199531
2;0.179496;0.19222
1;0.132444;0.176201
1;0.260928;0.311213
1;0.266859;0.320366
2;0.455679;0.256039
1;0.0203933;0.0217391
1;0.590263;0.362319
1;0.584854;0.359903
2;0.857319;0.32574
1;0.167259;0.0911162
1;0.381493;0.209567
1;0.827908;0.373576
2;0.0459207;0.0755668
1;0.554571;0.413098
1;0.125033;0.130982
1;0.535579;0.380353
2;0.297462;0.296675
1;0.102572;0.140665
1;0.59171;0.521739
1;0.0350625;0.0409207
2;0.882238;0.270341
1;0.822121;0.314961
1;0.854678;0.267717
1;0.285813;0.146982
2;0.420449;0.197007
1;0.366106;0.204489
1;0.549036;0.316708
1;0.585383;0.281796
2;0.788732;0.216146
1;0.96185;0.286458
1;0.932291;0.309896
1;0.597647;0.1875
2;0.107754;0.0757576
1;0.853672;0.386364
1;0.502459;0.282828
1;0.457239;0.255051
2;0.215836;0.137566
1;0.812072;0.420635
1;0.270811;0.142857
1;0.582538;0.298942
2;0.824314;0.281013
1;0.377954;0.253165
1;0.0238318;0.0101266
1;0.871609;0.455696
2;0.680202;0.253394
1;0.767193;0.319005
1;0.556499;0.237557
1;0.432603;0.190045
2;0.0733745;0.101737
1;0.695585;0.409429
1;0.17118;0.163772
1;0.470969;0.325062
2;0.938034;0.25187
1;0.924521;0.371571
1;0.111972;0.0448878
1;0.935398;0.331671
2;0.831981;0.240099
1;0.75544;0.277228
1;0.677757;0.284653
1;0.325986;0.19802
2;0.830912;0.305128
1;0.384147;0.182051
1;0.877822;0.371795
1;0.311701;0.141026
2;0.55355;0.271053
1;0.503528;0.302632
1;0.899434;0.363158
1;0.138376;0.0631579
2;0.954309;0.337182
1;0.661097;0.323326
1;0.0384966;0.034642
1;0.618026;0.30485
2;0.811358;0.469298
1;0.0509219;0.0811404
1;0.249479;0.289474
1;0.125921;0.160088
2;0.990243;0.297297
1;0.727898;0.281081
1;0.532401;0.267568
1;0.289665;0.154054
2;0.497433;0.207407
1;0.756087;0.333333
1;0.507905;0.249383
1;0.527637;0.209877
2;0.854559;0.432099
1;0.377555;0.340741
1;0.0760601;0.0938272
1;0.108083;0.133333
2;0.711888;0.266169
1;0.535159;0.268657
1;0.398233;0.216418
1;0.556597;0.248756
2;0.439534;0.192037
1;0.671114;0.266979
1;0.985104;0.34192
1;0.497752;0.199063
2;0.0620099;0.061828
1;0.823238;0.456989
1;0.814224;0.400538
1;0.100829;0.0806452
2;0.40481;0.213235
1;0.221715;0.156863
1;0.702619;0.345588
1;0.488963;0.284314
2;0.0930799;0.102625
1;0.957706;0.570406
1;0.308509;0.198091
1;0.186364;0.128878
2;0.22667;0.13382
1;0.444898;0.221411
1;0.542699;0.250608
1;0.906541;0.394161
2;0.396397;0.216285
1;0.557118;0.244275
1;0.78968;0.328244
1;0.445035;0.211196
2;0.127735;0.101732
1;0.801616;0.445887
1;0.189456;0.175325
1;0.365913;0.277056
2;0.623179;0.3257
1;0.854174;0.516539
1;0.0459897;0.0687023
1;0.0722529;0.0890585
2;0.719544;0.240275
1;0.926067;0.311213
1;0.511438;0.19222
1;0.998428;0.256293
2;0.389033;0.218593
1;0.330415;0.173367
1;0.394936;0.218593
1;0.828687;0.389447
2;0.387355;0.156328
1;0.98918;0.389578
1;0.565902;0.19603
1;0.549312;0.258065
2;0.698892;0.321168
1;0.0270938;0.026764
1;0.628435;0.26764
1;0.935358;0.384428
2;0.200627;0.167116
1;0.939876;0.555256
1;0.175287;0.177898
1;0.0898315;0.0997305
2;0.615216;0.265027
1;0.226444;0.122951
1;0.916703;0.412568
1;0.391838;0.199454
2;0.920124;0.356796
1;0.261877;0.199029
1;0.113039;0.092233
1;0.600579;0.351942
2;0.0176034;0.0673077
1;0.726927;0.516827
1;0.0797831;0.125
1;0.247064;0.290865
2;0.222633;0.205817
1;0.0450095;0.0894855
1;0.0232938;0.0872483
1;0.988809;0.61745
2;0.335767;0.227273
1;0.525356;0.423445
1;0.187953;0.19378
1;0.173373;0.155502
2;0.914461;0.356796
1;0.295101;0.17233
1;0.898963;0.424757
1;0.0788355;0.0461165
2;0.673104;0.314149
1;0.177786;0.153477
1;0.0371324;0.0503597
1;0.866245;0.482014
2;0.428838;0.275
1;0.398351;0.3675
1;0.282334;0.255
1;0.104983;0.1025
2;0.334795;0.170543
1;0.534896;0.268734
1;0.923485;0.369509
1;0.439625;0.191214
2;0.820191;0.333333
1;0.953912;0.380615
1;0.6048;0.276596
1;0.00324375;0.00945626
2;0.948143;0.403756
1;0.257674;0.223005
1;0.0162338;0.0187793
1;0.555599;0.35446
2;0.541341;0.229219
1;0.814018;0.365239
1;0.866736;0.380353
1;0.0557856;0.0251889
2;0.128224;0.0902935
1;0.19349;0.158014
1;0.493221;0.316027
1;0.918893;0.435666
2;0.0551844;0.0416667
1;0.982553;0.340278
1;0.467113;0.273148
1;0.874596;0.344907
2;0.134237;0.123737
1;0.110092;0.106061
1;0.786885;0.474747
1;0.352567;0.295455
2;0.855551;0.308642
1;0.59862;0.259259
1;0.518303;0.222222
1;0.359329;0.209877
2;0.8189;0.404358
1;0.139994;0.0968523
1;0.363156;0.263923
1;0.337959;0.234867
2;0.0140562;0.0455635
1;0.428668;0.22542
1;0.991999;0.402878
1;0.690867;0.326139
2;0.173964;0.100737
1;0.590444;0.385749
1;0.701311;0.439803
1;0.0994917;0.0737101
2;0.255708;0.13785
1;0.909837;0.492991
1;0.119548;0.109813
1;0.370517;0.259346
2;0.054856;0.0698795
1;0.644482;0.426506
1;0.504649;0.351807
1;0.13019;0.151807
2;0.454984;0.297619
1;0.273092;0.190476
1;0.681587;0.378571
1;0.148409;0.133333
2;0.316091;0.157107
1;0.44969;0.219451
1;0.559582;0.316708
1;0.651591;0.306733
2;0.30408;0.141772
1;0.700161;0.326582
1;0.973296;0.44557
1;0.0977109;0.0860759
2;0.882397;0.221053
1;0.889333;0.255263
1;0.721672;0.244737
1;0.888152;0.278947
2;0.624844;0.180288
1;0.897713;0.346154
1;0.722662;0.254808
1;0.585255;0.21875
2;0.814102;0.27791
1;0.934649;0.344418
1;0.608476;0.225653
1;0.278306;0.152019
2;0.964373;0.274809
1;0.365255;0.193384
1;0.979495;0.361323
1;0.435674;0.170483
2;0.748666;0.37587
1;0.473839;0.324826
1;0.0899438;0.0904872
1;0.265512;0.208817
2;0.36457;0.187654
1;0.440823;0.241975
1;0.995837;0.441975
1;0.241978;0.128395
2;0.0290426;0.0361757
1;0.635869;0.317829
1;0.572482;0.361757
1;0.518761;0.284238
2;0.92457;0.348131
1;0.698291;0.413551
1;0.207939;0.156542
1;0.0945611;0.0817757
2;0.745597;0.263819
1;0.252724;0.0954774
1;0.893986;0.334171
1;0.886317;0.306533
2;0.00855164;0.026506
1;0.68101;0.503614
1;0.270212;0.277108
1;0.169938;0.192771
2;0.531956;0.356265
1;0.107956;0.162162
1;0.511818;0.400491
1;0.0759512;0.0810811
2;0.856501;0.299213
1;0.622711;0.32021
1;0.416866;0.191601
1;0.333136;0.188976
2;0.183877;0.107579
1;0.898952;0.435208
1;0.245413;0.202934
1;0.409148;0.254279
2;0.11221;0.0929095
1;0.739021;0.405868
1;0.28689;0.195599
1;0.400782;0.305623
2;0.552752;0.244131
1;0.144261;0.0821596
1;0.500001;0.246479
1;0.923938;0.42723
2;0.932309;0.269521
1;0.0448327;0.0302267
1;0.834246;0.360202
1;0.863665;0.34005
2;0.339281;0.186529
1;0.0470943;0.0647668
1;0.862122;0.549223
1;0.265175;0.199482
2;0.94792;0.341969
1;0.687842;0.349741
1;0.258493;0.19171
1;0.121418;0.11658
2;0.353194;0.163539
1;0.839767;0.340483
1;0.394002;0.193029
1;0.87229;0.302949
2;0.965763;0.328982
1;0.00424273;0.0182768
1;0.50688;0.255875
1;0.805884;0.396867
2;0.84124;0.257576
1;0.358278;0.181818
1;0.687675;0.285354
1;0.676561;0.275253
2;0.733846;0.282353
1;0.458395;0.185882
1;0.82648;0.310588
1;0.541359;0.221176
2;0.920533;0.27
1;0.686764;0.215
1;0.67405;0.25
1;0.803461;0.265
2;0.588364;0.221918
1;0.361831;0.216438
1;0.589219;0.230137
1;0.836764;0.331507
2;0.776767;0.211443
1;0.921898;0.281095
1;0.814475;0.276119
1;0.674521;0.231343
2;0.91288;0.282974
1;0.693272;0.282974
1;0.360138;0.172662
1;0.53884;0.261391
2;0.955161;0.397468
1;0.547636;0.417722
1;0.113234;0.16962
1;0.00760441;0.0151899
2;0.826839;0.565421
1;0.0421349;0.165888
1;0.0696006;0.179907
1;0.0230039;0.088785
2;0.335736;0.222738
1;0.622026;0.387471
1;0.2834;0.199536
1;0.242839;0.190255
2;0.392092;0.165198
1;0.590949;0.240088
1;0.980535;0.314978
1;0.686206;0.279736
2;0.620804;0.190104
1;0.501087;0.221354
1;0.749202;0.348958
1;0.523531;0.239583
2;0.751502;0.322335
1;0.158575;0.104061
1;0.0672186;0.0634518
1;0.885309;0.510152
2;0.458865;0.162907
1;0.851633;0.295739
1;0.801251;0.263158
1;0.715094;0.278196
2;0.115805;0.208845
1;0.34639;0.488943
1;0.0214405;0.0712531
1;0.0801528;0.230958
2;0.660918;0.248718
1;0.624296;0.3
1;0.419622;0.217949
1;0.344425;0.233333
2;0.743007;0.242424
1;0.728704;0.244949
1;0.772216;0.272727
1;0.746177;0.239899
2;0.0212716;0.0439815
1;0.466758;0.310185
1;0.776379;0.456019
1;0.273362;0.189815
2;0.301724;0.161369
1;0.515155;0.293399
1;0.314564;0.188264
1;0.655056;0.356968
2;0.727271;0.306733
1;0.206583;0.137157
1;0.274782;0.174564
1;0.754041;0.381546
2;0.714466;0.329049
1;0.671763;0.308483
1;0.265786;0.131105
1;0.445898;0.231362
2;0.0734628;0.103211
1;0.387326;0.362385
1;0.66491;0.474771
1;0.031959;0.059633
2;0.653786;0.271053
1;0.824924;0.344737
1;0.943711;0.321053
1;0.123682;0.0631579
2;0.0609817;0.0679157
1;0.218899;0.199063
1;0.316797;0.276347
1;0.726146;0.456674
2;0.343593;0.137405
1;0.71056;0.310433
1;0.462661;0.195929
1;0.874184;0.356234
2;0.453762;0.168798
1;0.658863;0.299233
1;0.52165;0.214834
1;0.745985;0.317136
2;0.032529;0.0562061
1;0.380853;0.259953
1;0.482271;0.283372
1;0.751645;0.400468
2;0.31703;0.174757
1;0.547152;0.322816
1;0.582345;0.334951
1;0.170968;0.167476
2;0.324071;0.251323
1;0.30998;0.37037
1;0.0487584;0.0396825
1;0.364375;0.338624
2;0.489764;0.204128
1;0.196426;0.116972
1;0.413067;0.261468
1;0.782016;0.417431
2;0.361859;0.196126
1;0.352464;0.171913
1;0.681892;0.300242
1;0.650145;0.331719
2;0.559473;0.174447
1;0.845631;0.314496
1;0.348014;0.154791
1;0.929378;0.356265
2;0.720524;0.381546
1;0.516541;0.296758
1;0.0462839;0.0374065
1;0.43409;0.284289
2;0.144228;0.100257
1;0.586745;0.308483
1;0.474283;0.272494
1;0.58737;0.318766
2;0.985931;0.275701
1;0.86155;0.315421
1;0.412573;0.21028
1;0.574796;0.198598
2;0.377393;0.202597
1;0.485443;0.361039
1;0.525118;0.298701
1;0.200178;0.137662
2;0.632724;0.354115
1;0.327578;0.301746
1;0.256902;0.226933
1;0.113603;0.117207
2;0.103836;0.0809524
1;0.540831;0.328571
1;0.4486;0.304762
1;0.439809;0.285714
2;0.430361;0.398551
1;0.241737;0.285024
1;0.17944;0.214976
1;0.0630645;0.101449
2;0.274652;0.12809
1;0.306129;0.146067
1;0.847861;0.404494
1;0.677609;0.321348
2;0.675538;0.342365
1;0.278753;0.224138
1;0.211848;0.147783
1;0.46437;0.285714
2;0.192342;0.0853081
1;0.501856;0.263033
1;0.673487;0.379147
1;0.489442;0.272512
2;0.0733353;0.0816327
1;0.719591;0.392857
1;0.648764;0.375
1;0.264136;0.15051
2;0.974718;0.250653
1;0.504699;0.169713
1;0.764258;0.281984
1;0.896744;0.29765
2;0.972523;0.368557
1;0.206222;0.136598
1;0.0769707;0.0695876
1;0.819094;0.425258
2;0.432251;0.222494
1;0.308305;0.168704
1;0.837636;0.349633
1;0.567863;0.259169
2;0.25236;0.195506
1;0.835539;0.438202
1;0.497043;0.352809
1;0.00795442;0.0134831
2;0.581243;0.237209
1;0.758095;0.34186
1;0.521208;0.216279
1;0.388364;0.204651
2;0.687781;0.26988
1;0.736963;0.308434
1;0.410118;0.209639
1;0.436687;0.212048
2;0.557725;0.234414
1;0.530046;0.274314
1;0.42591;0.23192
1;0.457612;0.259352
2;0.451388;0.235
1;0.291232;0.2475
1;0.413846;0.2475
1;0.344527;0.27
2;0.95915;0.36518
1;0.322652;0.22293
1;0.455685;0.261146
1;0.218761;0.150743
2;0.016281;0.0364078
1;0.960276;0.364078
1;0.740661;0.254854
1;0.950624;0.34466
2;0.475761;0.302211
1;0.160326;0.105651
1;0.183592;0.149877
1;0.655488;0.44226
2;0.104086;0.126829
1;0.878948;0.473171
1;0.617829;0.329268
1;0.0679542;0.0707317
2;0.814408;0.274939
1;0.795504;0.274939
1;0.11105;0.0559611
1;0.847211;0.394161
2;0.397746;0.156812
1;0.830457;0.365039
1;0.582548;0.287918
1;0.294307;0.190231
2;0.404914;0.542169
1;0.00226254;0.0313253
1;0.0309165;0.173494
1;0.0683633;0.253012
2;0.820961;0.289216
1;0.393235;0.169118
1;0.444681;0.178922
1;0.900789;0.362745
2;0.331642;0.169192
1;0.389612;0.267677
1;0.70431;0.373737
1;0.296775;0.189394
2;0.115612;0.147268
1;0.0743863;0.102138
1;0.139986;0.16152
1;0.747582;0.589074
2;0.0864844;0.0348837
1;0.631149;0.332558
1;0.550367;0.283721
1;0.670476;0.348837
2;0.794961;0.322816
1;0.121059;0.104369
1;0.390244;0.259709
1;0.628745;0.313107
2;0.830499;0.290816
1;0.933685;0.364796
1;0.0636998;0.0382653
1;0.943015;0.306122
2;0.499663;0.150754
1;0.981776;0.361809
1;0.425336;0.145729
1;0.981475;0.341709
2;0.517185;0.393873
1;0.129103;0.212254
1;0.0931217;0.140044
1;0.212692;0.253829
2;0.0942912;0.0883838
1;0.234871;0.176768
1;0.338974;0.239899
1;0.921135;0.494949
2;0.882562;0.374449
1;0.0997895;0.11674
1;0.660269;0.376652
1;0.157662;0.132159
2;0.538055;0.283019
1;0.305207;0.212264
1;0.0175378;0.0353774
1;0.70401;0.46934
2;0.921846;0.345622
1;0.833657;0.458525
1;0.00684793;0.0115207
1;0.155082;0.184332
2;0.62137;0.290398
1;0.527225;0.306792
1;0.647619;0.29274
1;0.22921;0.11007
2;0.612367;0.226852
1;0.895904;0.3125
1;0.401932;0.143519
1;0.919302;0.31713
2;0.270195;0.1775
1;0.259355;0.12
1;0.703233;0.4125
1;0.637305;0.29
2;0.535665;0.348235
1;0.055342;0.0776471
1;0.826195;0.454118
1;0.108367;0.12
2;0.521016;0.204327
1;0.371327;0.146635
1;0.853056;0.3125
1;0.822482;0.336538
2;0.317852;0.169951
1;0.389353;0.194581
1;0.523285;0.275862
1;0.771971;0.359606
2;0.242134;0.183879
1;0.245136;0.198992
1;0.158159;0.110831
1;0.919176;0.506297
2;0.748924;0.413098
1;0.770767;0.435768
1;0.0272105;0.0528967
1;0.0567386;0.0982368
2;0.255125;0.165094
1;0.84865;0.438679
1;0.615797;0.360849
1;0.045114;0.0353774
2;0.0639564;0.037594
1;0.344021;0.278196
1;0.654507;0.406015
1;0.331912;0.278196
2;0.7693;0.20202
1;0.926283;0.29798
1;0.711039;0.217172
1;0.926708;0.282828
2;0.0218422;0.0338164
1;0.151936;0.178744
1;0.192458;0.275362
1;0.564683;0.512077
2;0.531355;0.305623
1;0.359588;0.242054
1;0.566649;0.354523
1;0.129527;0.0977995
2;0.816267;0.218391
1;0.467632;0.156322
1;0.914232;0.298851
1;0.977005;0.326437
2;0.912913;0.3
1;0.854966;0.407317
1;0.337328;0.214634
1;0.148646;0.0780488
2;0.146519;0.140306
1;0.247543;0.285714
1;0.497489;0.377551
1;0.213234;0.196429
2;0.590944;0.216749
1;0.620266;0.273399
1;0.689934;0.305419
1;0.569525;0.204434
2;0.415254;0.214932
1;0.93325;0.359729
1;0.519915;0.255656
1;0.250791;0.169683
2;0.555521;0.335664
1;0.0289129;0.0536131
1;0.159423;0.170163
1;0.679095;0.440559
2;0.522316;0.297561
1;0.0317806;0.0219512
1;0.40993;0.265854
1;0.914263;0.414634
2;0.819783;0.355932
1;0.589631;0.37046
1;0.132101;0.094431
1;0.213975;0.179177
2;0.175948;0.185279
1;0.0600074;0.0812183
1;0.203184;0.228426
1;0.747299;0.505076
2;0.447561;0.239186
1;0.847678;0.391858
1;0.414418;0.226463
1;0.293636;0.142494
2;0.94614;0.270677
1;0.837048;0.285714
1;0.648014;0.235589
1;0.74065;0.20802
2;0.321599;0.171569
1;0.303547;0.247549
1;0.190571;0.144608
1;0.766216;0.436274
2;0.626384;0.214834
1;0.964101;0.324808
1;0.450829;0.184143
1;0.826551;0.276215
2;0.235565;0.131265
1;0.602216;0.252983
1;0.740691;0.346062
1;0.7625;0.26969
2;0.263087;0.188776
1;0.298036;0.201531
1;0.12459;0.102041
1;0.918561;0.507653
2;0.998379;0.329208
1;0.678741;0.29703
1;0.0172621;0.0272277
1;0.733573;0.346535
2;0.489467;0.182957
1;0.782351;0.305764
1;0.449642;0.200501
1;0.980916;0.310777
2;0.609785;0.240933
1;0.484663;0.222798
1;0.263739;0.139896
1;0.842457;0.396373
2;0.00550821;0.0272727
1;0.848637;0.372727
1;0.62192;0.254545
1;0.877774;0.345455
2;0.486336;0.295918
1;0.206647;0.17602
1;0.196435;0.142857
1;0.529851;0.385204
2;0.847537;0.269136
1;0.954298;0.355556
1;0.90605;0.338272
1;0.0771724;0.037037
2;0.7685;0.350649
1;0.40156;0.275325
1;0.464784;0.298701
1;0.0950699;0.0753247
2;0.897008;0.361257
1;0.0700518;0.039267
1;0.854082;0.426702
1;0.352783;0.172775
2;0.464983;0.301435
1;0.038728;0.0215311
1;0.954903;0.483254
1;0.262554;0.19378
2;0.619342;0.373016
1;0.293293;0.251323
1;0.23612;0.214286
1;0.151055;0.161376
2;0.934876;0.302949
1;0.819199;0.313673
1;0.49481;0.254692
1;0.202947;0.128686
2;0.208601;0.129032
1;0.621375;0.30273
1;0.201719;0.111663
1;0.979292;0.456576
2;0.62391;0.300469
1;0.195586;0.140845
1;0.105463;0.107981
1;0.712061;0.450704
2;0.719064;0.207289
1;0.502006;0.18451
1;0.983848;0.343964
1;0.973087;0.264237
2;0.956114;0.361607
1;0.171321;0.109375
1;0.247071;0.158482
1;0.751045;0.370536
2;0.306437;0.159204
1;0.508802;0.300995
1;0.504691;0.283582
1;0.388615;0.256219
2;0.336804;0.150342
1;0.928807;0.341686
1;0.447095;0.22779
1;0.855562;0.280182
2;0.658345;0.29976
1;0.519919;0.316547
1;0.696893;0.304556
1;0.123207;0.0791367
2;0.811941;0.322251
1;0.850668;0.370844
1;0.0373505;0.0306905
1;0.637474;0.276215
2;0.800539;0.288462
1;0.788857;0.362981
1;0.326994;0.168269
1;0.379034;0.180288
2;0.530933;0.178841
1;0.87637;0.387909
1;0.537178;0.224181
1;0.486709;0.209068
2;0.338544;0.26555
1;0.231393;0.19378
1;0.0171605;0.0239234
1;0.967537;0.516746
2;0.604995;0.24228
1;0.554517;0.261283
1;0.39239;0.185273
1;0.566876;0.311164
2;0.305314;0.153132
1;0.785549;0.359629
1;0.308744;0.162413
1;0.683232;0.324826
2;0.596609;0.29471
1;0.371596;0.246851
1;0.0753455;0.0554156
1;0.6813;0.403023
2;0.619803;0.221354
1;0.0353778;0.0364583
1;0.943481;0.408854
1;0.835419;0.333333
2;0.737287;0.298611
1;0.55344;0.335648
1;0.117896;0.0787037
1;0.392369;0.287037
2;0.711071;0.479714
1;0.0728552;0.138425
1;0.0744079;0.133652
1;0.174538;0.24821
2;0.585884;0.309633
1;0.166631;0.126147
1;0.267192;0.176606
1;0.693175;0.387615
2;0.426999;0.174334
1;0.548523;0.254237
1;0.567458;0.237288
1;0.94624;0.33414
2;0.630975;0.321759
1;0.0891755;0.0833333
1;0.747974;0.391204
1;0.297714;0.203704
2;0.535035;0.266667
1;0.383305;0.209524
1;0.772877;0.397619
1;0.214226;0.12619
2;0.284164;0.164384
1;0.786743;0.390411
1;0.357804;0.189498
1;0.55194;0.255708
2;0.836765;0.21934
1;0.953964;0.325472
1;0.909105;0.337264
1;0.265981;0.117925
2;0.90466;0.341981
1;0.00996904;0.0188679
1;0.162061;0.174528
1;0.801697;0.464623
2;0.0211288;0.0409639
1;0.254032;0.240964
1;0.314669;0.281928
1;0.592574;0.436145
2;0.121114;0.0827068
1;0.527013;0.230576
1;0.903446;0.370927
1;0.701117;0.315789
2;0.319791;0.224018
1;0.595401;0.367206
1;0.322831;0.228637
1;0.251534;0.180139
2;0.0399114;0.0483461
1;0.622653;0.284987
1;0.719455;0.384224
1;0.642322;0.282443
2;0.756975;0.251208
1;0.565837;0.227053
1;0.947112;0.306763
1;0.494006;0.214976
2;0.913131;0.239726
1;0.796289;0.278539
1;0.492403;0.189498
1;0.906574;0.292237
2;0.215298;0.156328
1;0.172046;0.16129
1;0.479134;0.327543
1;0.569214;0.354839
2;0.0747398;0.0471464
1;0.899499;0.409429
1;0.396457;0.258065
1;0.576407;0.28536
2;0.556642;0.372152
1;0.0892705;0.118987
1;0.214649;0.187342
1;0.297911;0.321519
2;0.336623;0.189125
1;0.265361;0.148936
1;0.996084;0.444444
1;0.545011;0.217494
2;0.467327;0.378109
1;0.25149;0.320896
1;0.194781;0.28607
1;0.00197965;0.0149254
2;0.713952;0.397985
1;0.471375;0.410579
1;0.125282;0.110831
1;0.0646176;0.0806045
2;0.0261046;0.053528
1;0.360034;0.309002
1;0.113703;0.150852
1;0.764391;0.486618
2;0.0992549;0.0957447
1;0.865926;0.420213
1;0.830639;0.37234
1;0.244891;0.111702
2;0.512791;0.277162
1;0.992313;0.465632
1;0.194782;0.152993
1;0.153678;0.104213
2;0.176673;0.0902439
1;0.868439;0.309756
1;0.816973;0.265854
1;0.905982;0.334146
2;0.989706;0.376147
1;0.891863;0.394495
1;0.0136091;0.0206422
1;0.379596;0.208716
2;0.0342639;0.0753769
1;0.0502302;0.0653266
1;0.51398;0.494975
1;0.322147;0.364322
2;0.66681;0.185366
1;0.97406;0.356098
1;0.606921;0.22439
1;0.91968;0.234146
2;0.364526;0.198992
1;0.711562;0.382872
1;0.0608842;0.0428212
1;0.850032;0.375315
2;0.89204;0.282167
1;0.354489;0.207675
1;0.343572;0.194131
1;0.554518;0.316027
2;0.419243;0.163415
1;0.171629;0.136585
1;0.955749;0.358537
1;0.726184;0.341463
2;0.653793;0.214634
1;0.780399;0.378049
1;0.510837;0.258537
1;0.243062;0.14878
2;0.473485;0.293367
1;0.522942;0.385204
1;0.16266;0.122449
1;0.204397;0.19898
2;0.195503;0.17
1;0.0439121;0.05
1;0.765576;0.4175
1;0.466471;0.3625
2;0.17945;0.12
1;0.0518443;0.0266667
1;0.777949;0.477333
1;0.726676;0.376
2;0.30737;0.258065
1;0.172506;0.17866
1;0.41406;0.332506
1;0.21488;0.230769
2;0.716764;0.262673
1;0.974353;0.364055
1;0.125125;0.0529954
1;0.767562;0.320276
2;0.92965;0.321149
1;0.447147;0.185379
1;0.521729;0.219321
1;0.62977;0.274151
2;0.196342;0.160756
1;0.738682;0.496454
1;0.285236;0.248227
1;0.102307;0.0945626
2;0.408317;0.288939
1;0.142832;0.171558
1;0.21022;0.200903
1;0.4393;0.3386
2;0.237531;0.153132
1;0.665619;0.350348
1;0.625317;0.320186
1;0.28852;0.176334
2;0.104971;0.0928571
1;0.646369;0.397619
1;0.435146;0.280952
1;0.303197;0.228571
2;0.659657;0.34186
1;0.497709;0.286047
1;0.274865;0.148837
1;0.391236;0.223256
2;0.903183;0.264398
1;0.448132;0.167539
1;0.474936;0.21466
1;0.9237;0.353403
2;0.938761;0.281863
1;0.347468;0.203431
1;0.69529;0.316176
1;0.471022;0.198529
2;0.196813;0.144304
1;0.362221;0.232911
1;0.582781;0.334177
1;0.366784;0.288608
2;0.0692735;0.0777778
1;0.951309;0.447222
1;0.118247;0.0777778
1;0.888894;0.397222
2;0.942442;0.338129
1;0.634573;0.326139
1;0.148934;0.100719
1;0.454651;0.235012
2;0.306626;0.356968
1;0.017507;0.0366748
1;0.186051;0.244499
1;0.244492;0.361858
2;0.47639;0.247086
1;0.958261;0.447552
1;0.355539;0.200466
1;0.14119;0.104895
2;0.706106;0.293671
1;0.179094;0.126582
1;0.202154;0.144304
1;0.766155;0.435443
2;0.945773;0.224747
1;0.616964;0.229798
1;0.707328;0.224747
1;0.998092;0.320707
2;0.775784;0.185676
1;0.931703;0.37931
1;0.590584;0.217507
1;0.646214;0.217507
2;0.995836;0.399027
1;0.152466;0.158151
1;0.665896;0.384428
1;0.059816;0.0583942
2;0.729851;0.298544
1;0.264898;0.11165
1;0.627;0.317961
1;0.656562;0.271845
2;0.855711;0.23399
1;0.816458;0.278325
1;0.687911;0.236453
1;0.592446;0.251232
2;0.689746;0.249406
1;0.329897;0.152019
1;0.757713;0.32304
1;0.611874;0.275534
2;0.00492407;0.0395062
1;0.620246;0.48642
1;0.450188;0.355556
1;0.134206;0.118519
2;0.726124;0.25908
1;0.640857;0.285714
1;0.0402255;0.0484262
1;0.883857;0.40678
2;0.433526;0.159091
1;0.661933;0.308081
1;0.846975;0.356061
1;0.422448;0.176768
2;0.774053;0.29717
1;0.489056;0.200472
1;0.358296;0.150943
1;0.826387;0.351415
2;0.766686;0.237981
1;0.973911;0.317308
1;0.917113;0.326923
1;0.331899;0.117788
2;0.864151;0.288221
1;0.620208;0.315789
1;0.0243808;0.0200501
1;0.872699;0.37594
2;0.290709;0.191388
1;0.312531;0.263158
1;0.820657;0.444976
1;0.137387;0.100478
2;0.744102;0.282178
1;0.642472;0.311881
1;0.270087;0.160891
1;0.457171;0.24505
2;0.61427;0.284264
1;0.0421531;0.0228426
1;0.472707;0.30203
1;0.60554;0.390863
2;0.763877;0.229219
1;0.362674;0.168766
1;0.939173;0.357683
1;0.584134;0.244332
2;0.853703;0.33162
1;0.653926;0.298201
1;0.303706;0.18509
1;0.38962;0.18509
2;0.56125;0.329412
1;0.414409;0.263529
1;0.0386099;0.0258824
1;0.644906;0.381176
2;0.450774;0.147757
1;0.566731;0.248021
1;0.897105;0.316623
1;0.710801;0.287599
2;0.0902889;0.0528846
1;0.8784;0.375
1;0.866842;0.350962
1;0.555758;0.221154
2;0.303045;0.198198
1;0.520129;0.261261
1;0.402443;0.315315
1;0.339551;0.225225
2;0.619787;0.209476
1;0.990514;0.276808
1;0.978866;0.319202
1;0.56748;0.194514
2;0.761255;0.282258
1;0.610333;0.317204
1;0.15244;0.102151
1;0.579057;0.298387
2;0.994066;0.434568
1;0.528819;0.330864
1;0.191638;0.155556
1;0.0668429;0.0790123
2;0.48684;0.296104
1;0.363963;0.285714
1;0.270419;0.184416
1;0.324421;0.233766
2;0.667019;0.253695
1;0.711366;0.352217
1;0.0435007;0.0270936
1;0.942246;0.366995
2;0.849603;0.357843
1;0.57955;0.343137
1;0.288851;0.181373
1;0.162095;0.117647
2;0.38201;0.35814
1;0.0728122;0.137209
1;0.493562;0.446512
1;0.030091;0.0581395
2;0.230557;0.13253
1;0.957962;0.390361
1;0.568239;0.279518
1;0.352328;0.19759
2;0.93154;0.384091
1;0.0179924;0.0409091
1;0.149545;0.159091
1;0.638004;0.415909
2;0.168776;0.144304
1;0.650818;0.316456
1;0.89504;0.475949
1;0.117967;0.0632911
2;0.123792;0.0835381
1;0.833432;0.437346
1;0.815316;0.412776
1;0.0587335;0.0663391
2;0.941402;0.227848
1;0.70068;0.23038
1;0.855678;0.286076
1;0.798563;0.255696
2;0.704341;0.230583
1;0.854655;0.317961
1;0.758105;0.283981
1;0.345708;0.167476
2;0.983613;0.274559
1;0.814878;0.279597
1;0.983673;0.287154
1;0.471541;0.15869
2;0.974734;0.255422
1;0.514118;0.224096
1;0.472311;0.236145
1;0.833544;0.284337
2;0.181297;0.221649
1;0.434479;0.396907
1;0.00685109;0.0283505
1;0.370988;0.353093
2;0.701284;0.244332
1;0.774605;0.287154
1;0.846452;0.324937
1;0.307153;0.143577
2;0.0786726;0.114607
1;0.702589;0.505618
1;0.238998;0.191011
1;0.241833;0.188764
2;0.186913;0.115486
1;0.472975;0.244094
1;0.714068;0.325459
1;0.668504;0.314961
2;0.912244;0.3075
1;0.254859;0.1425
1;0.449838;0.18
1;0.95972;0.37
2;0.537041;0.209476
1;0.894088;0.286783
1;0.959638;0.27182
1;0.753151;0.23192
2;0.705696;0.316027
1;0.0930128;0.0790068
1;0.204491;0.133183
1;0.908146;0.471783
2;0.0943098;0.0839506
1;0.759648;0.311111
1;0.70211;0.296296
1;0.922988;0.308642
2;0.0215992;0.0391645
1;0.927458;0.48564
1;0.170057;0.122715
1;0.62545;0.35248
2;0.18608;0.138889
1;0.762165;0.444444
1;0.151561;0.134259
1;0.334622;0.282407
2;0.859628;0.372396
1;0.474922;0.393229
1;0.133575;0.114583
1;0.118482;0.119792
2;0.411512;0.317618
1;0.171377;0.171216
1;0.0876852;0.0843672
1;0.644476;0.426799
2;0.516535;0.279891
1;0.450071;0.290761
1;0.598321;0.396739
1;0.047459;0.0326087
2;0.332925;0.185615
1;0.666264;0.262181
1;0.496938;0.211137
1;0.902837;0.341067
2;0.295762;0.141791
1;0.837412;0.358209
1;0.476122;0.226368
1;0.774164;0.273632
2;0.145556;0.102689
1;0.494421;0.281174
1;0.312508;0.200489
1;0.74121;0.415648
2;0.391009;0.344498
1;0.0336637;0.0574163
1;0.0256963;0.0717703
1;0.456943;0.526316
2;0.0127734;0.0197044
1;0.423194;0.214286
1;0.787993;0.421182
1;0.681979;0.344828
2;0.489597;0.330254
1;0.145403;0.193995
1;0.594217;0.415704
1;0.0386102;0.0600462
2;0.469882;0.157767
1;0.714109;0.26699
1;0.948594;0.283981
1;0.677618;0.291262
2;0.316248;0.153465
1;0.245746;0.143564
1;0.818975;0.339109
1;0.996329;0.363861
2;0.152682;0.168421
1;0.60547;0.423684
1;0.411028;0.336842
1;0.0827595;0.0710526
2;0.99027;0.285047
1;0.716451;0.259346
1;0.374852;0.163551
1;0.920815;0.292056
2;0.025891;0.0457831
1;0.526751;0.250602
1;0.581341;0.325301
1;0.631629;0.378313
2;0.434808;0.210145
1;0.938985;0.456522
1;0.0754203;0.0821256
1;0.416264;0.251208
2;0.654626;0.50358
1;0.0109913;0.0310263
1;0.236787;0.357995
1;0.0397448;0.107399
2;0.491028;0.208633
1;0.594369;0.266187
1;0.782249;0.386091
1;0.254455;0.139089
2;0.35448;0.143979
1;0.811771;0.298429
1;0.751492;0.256545
1;0.809991;0.301047
2;0.7222;0.305764
1;0.183496;0.0952381
1;0.782377;0.373434
1;0.396622;0.225564
2;0.924817;0.244275
1;0.68994;0.264631
1;0.88237;0.29771
1;0.373217;0.193384
2;0.062661;0.0461165
1;0.41202;0.240291
1;0.501466;0.32767
1;0.657965;0.385922
2;0.766842;0.221429
1;0.7323;0.238095
1;0.823481;0.264286
1;0.799808;0.27619
2;0.184069;0.0885167
1;0.860641;0.325359
1;0.617913;0.246411
1;0.851913;0.339713
2;0.303465;0.236776
1;0.290144;0.254408
1;0.137578;0.13602
1;0.49508;0.372796
2;0.473101;0.211031
1;0.566014;0.244604
1;0.711803;0.270983
1;0.598273;0.273381
2;0.411545;0.322816
1;0.937679;0.526699
1;0.0800743;0.106796
1;0.0167382;0.0436893
2;0.688521;0.196429
1;0.836392;0.265306
1;0.957245;0.270408
1;0.969836;0.267857
2;0.90418;0.426941
1;0.0898418;0.0890411
1;0.202881;0.173516
1;0.381967;0.310502
2;0.018696;0.0487179
1;0.723045;0.35641
1;0.759595;0.341026
1;0.541633;0.253846
2;0.780796;0.324873
1;0.788161;0.347716
1;0.548051;0.281726
1;0.0879849;0.0456853
2;0.7372;0.189904
1;0.901904;0.310096
1;0.661289;0.252404
1;0.928626;0.247596
2;0.12834;0.107769
1;0.363881;0.283208
1;0.965201;0.468672
1;0.150142;0.140351
2;0.229254;0.134228
1;0.233381;0.12528
1;0.940843;0.389262
1;0.905795;0.35123
2;0.446538;0.193122
1;0.512542;0.251323
1;0.442999;0.227513
1;0.853083;0.328042
2;0.950339;0.331683
1;0.422961;0.240099
1;0.167926;0.0866337
1;0.649806;0.341584
2;0.0712778;0.10567
1;0.00394375;0.0206186
1;0.449799;0.404639
1;0.78498;0.469072
2;0.327014;0.205882
1;0.326869;0.213235
1;0.191971;0.164216
1;0.965494;0.416667
2;0.662782;0.239819
1;0.933735;0.371041
1;0.525301;0.19457
1;0.373802;0.19457
2;0.162252;0.116592
1;0.422575;0.217489
1;0.498403;0.23991
1;0.960871;0.426009
2;0.204698;0.0975
1;0.93479;0.33
1;0.681657;0.2975
1;0.759605;0.275
2;0.0973202;0.125307
1;0.277155;0.371007
1;0.136983;0.203931
1;0.186664;0.299754
2;0.308132;0.144254
1;0.712062;0.310513
1;0.321176;0.156479
1;0.848843;0.388753
2;0.761719;0.287059
1;0.887259;0.28
1;0.269413;0.16
1;0.673944;0.272941
2;0.854822;0.317972
1;0.48642;0.276498
1;0.461298;0.269585
1;0.224712;0.135945
2;0.804732;0.289277
1;0.490985;0.269327
1;0.333676;0.177057
1;0.599353;0.264339
2;0.0461716;0.0498812
1;0.818672;0.43943
1;0.17411;0.147268
1;0.512089;0.36342
2;0.0913661;0.0841346
1;0.055449;0.0865385
1;0.423018;0.346154
1;0.718445;0.483173
2;0.685979;0.258824
1;0.757299;0.296471
1;0.200893;0.103529
1;0.760042;0.341176
2;0.947736;0.383784
1;0.00799086;0.0297297
1;0.771519;0.437838
1;0.110071;0.148649
2;0.764403;0.219072
1;0.978905;0.358247
1;0.988558;0.306701
1;0.408166;0.115979
2;0.954292;0.338422
1;0.942314;0.320611
1;0.188738;0.0916031
1;0.672909;0.249364
2;0.790682;0.261391
1;0.993517;0.338129
1;0.788705;0.292566
1;0.163997;0.107914
2;0.214706;0.117207
1;0.53122;0.281796
1;0.844574;0.346633
1;0.688546;0.254364
2;0.652941;0.289277
1;0.114183;0.0872818
1;0.832166;0.413965
1;0.382633;0.209476
2;0.0707703;0.129496
1;0.11475;0.23741
1;0.143901;0.302158
1;0.22655;0.330935
2;0.239531;0.115942
1;0.733228;0.289855
1;0.952087;0.350242
1;0.690982;0.243961
2;0.116684;0.0672043
1;0.358555;0.336022
1;0.38454;0.311828
1;0.437688;0.284946
2;0.52006;0.274272
1;0.165994;0.106796
1;0.515592;0.269417
1;0.84046;0.349515
2;0.0756343;0.0862944
1;0.075574;0.071066
1;0.803635;0.461929
1;0.61335;0.380711
2;0.993244;0.391089
1;0.643227;0.309406
1;0.252691;0.126238
1;0.273218;0.173267
2;0.105097;0.0708861
1;0.155759;0.116456
1;0.839603;0.460759
1;0.672205;0.351899
2;0.882131;0.358209
1;0.24097;0.174129
1;0.605024;0.333333
1;0.203292;0.134328
2;0.381388;0.159806
1;0.738241;0.292978
1;0.685079;0.302663
1;0.531884;0.244552
2;0.436013;0.199536
1;0.623246;0.422274
1;0.163864;0.143852
1;0.380494;0.234339
2;0.257503;0.187348
1;0.209283;0.20438
1;0.516973;0.394161
1;0.278788;0.214112
2;0.209063;0.0962963
1;0.839738;0.358025
1;0.291012;0.155556
1;0.896224;0.390123
2;0.586161;0.230404
1;0.787875;0.365796
1;0.0742143;0.0522565
1;0.942419;0.351544
2;0.562556;0.315914
1;0.770741;0.467934
1;0.148183;0.182898
1;0.00897936;0.0332542
2;0.351568;0.167043
1;0.975192;0.458239
1;0.208053;0.121896
1;0.394489;0.252822
2;0.0798782;0.0837438
1;0.143673;0.108374
1;0.509577;0.35468
1;0.863546;0.453202
2;0.312135;0.205607
1;0.123837;0.088785
1;0.776828;0.436916
1;0.456367;0.268692
2;0.690341;0.286802
1;0.150733;0.121827
1;0.41168;0.233503
1;0.873321;0.357868
2;0.603282;0.245283
1;0.955112;0.393531
1;0.539655;0.247978
1;0.203934;0.113208
2;0.192469;0.0803782
1;0.544892;0.293144
1;0.560355;0.276596
1;0.902063;0.349882
2;0.35561;0.195755
1;0.501086;0.268868
1;0.443303;0.264151
1;0.551249;0.271226
2;0.458009;0.131068
1;0.787312;0.300971
1;0.959458;0.293689
1;0.778161;0.274272
2;0.279334;0.283544
1;0.147117;0.192405
1;0.400861;0.291139
1;0.281953;0.232911
2;0.390409;0.150485
1;0.996564;0.381068
1;0.565817;0.206311
1;0.724217;0.262136
2;0.909088;0.28934
1;0.517416;0.236041
1;0.314263;0.147208
1;0.938156;0.327411
2;0.166352;0.127854
1;0.571755;0.30137
1;0.216351;0.148402
1;0.945253;0.422374
2;0.193761;0.113953
1;0.788436;0.427907
1;0.310567;0.17907
1;0.430706;0.27907
2;0.105326;0.213075
1;0.525364;0.564165
1;0.108232;0.186441
1;0.0161314;0.0363196
2;0.895742;0.288265
1;0.210387;0.0969388
1;0.612055;0.247449
1;0.93382;0.367347
2;0.013211;0.0372208
1;0.881322;0.414392
1;0.976711;0.394541
1;0.236604;0.153846
2;0.218554;0.250591
1;0.00684154;0.0141844
1;0.55438;0.427896
1;0.265973;0.307329
2;0.0645263;0.0616438
1;0.703013;0.317352
1;0.575606;0.305936
1;0.716334;0.315068
2;0.578091;0.25908
1;0.337949;0.210654
1;0.242558;0.176755
1;0.767101;0.353511
2;0.0274126;0.0533981
1;0.373437;0.354369
1;0.0845447;0.135922
1;0.589972;0.456311
2;0.0852605;0.150895
1;0.399254;0.526854
1;0.0521735;0.112532
1;0.113972;0.209719
2;0.137344;0.146727
1;0.251931;0.250564
1;0.101872;0.119639
1;0.503818;0.48307
2;0.209363;0.182628
1;0.330935;0.320713
1;0.434591;0.35412
1;0.150879;0.142539
2;0.634328;0.261682
1;0.221443;0.116822
1;0.878456;0.383178
1;0.386654;0.238318
2;0.211261;0.334873
1;0.0661012;0.103926
1;0.0803977;0.136259
1;0.351144;0.424942
2;0.466444;0.423445
1;0.0497768;0.076555
1;0.307244;0.37799
1;0.0703738;0.12201
2;0.704921;0.342432
1;0.516576;0.305211
1;0.140286;0.114144
1;0.391802;0.238213
2;0.74835;0.334158
1;0.199776;0.153465
1;0.235013;0.14604
1;0.734421;0.366337
2;0.208163;0.159314
1;0.429411;0.27451
1;0.45881;0.338235
1;0.269603;0.227941
2;0.856362;0.372549
1;0.0960752;0.0882353
1;0.929043;0.460784
1;0.0805372;0.0784314
2;0.813531;0.289538
1;0.101613;0.0632603
1;0.876402;0.384428
1;0.636473;0.262774
2;0.0612555;0.0934579
1;0.868831;0.495327
1;0.0358968;0.0607477
1;0.542381;0.350467
2;0.95066;0.335821
1;0.53556;0.248756
1;0.196765;0.116915
1;0.657154;0.298507
2;0.709769;0.2
1;0.598797;0.225
1;0.879411;0.28
1;0.978218;0.295
2;0.912274;0.298165
1;0.469356;0.256881
1;0.518968;0.233945
1;0.350203;0.211009
2;0.790823;0.244444
1;0.305549;0.128395
1;0.698754;0.308642
1;0.839567;0.318519
2;0.745221;0.298507
1;0.403116;0.196517
1;0.353629;0.189055
1;0.704073;0.31592
2;0.298666;0.206813
1;0.600015;0.36253
1;0.576187;0.3382
1;0.131306;0.0924574
2;0.837172;0.304668
1;0.274519;0.142506
1;0.96828;0.383292
1;0.422574;0.169533
2;0.0609718;0.0413437
1;0.784839;0.374677
1;0.674809;0.294574
1;0.597212;0.289406
2;0.108437;0.0564103
1;0.606593;0.284615
1;0.656118;0.307692
1;0.945779;0.351282
2;0.862573;0.409524
1;0.126547;0.109524
1;0.67271;0.457143
1;0.0191486;0.0238095
2;0.262411;0.140271
1;0.719257;0.260181
1;0.57135;0.239819
1;0.884836;0.359729
2;0.87816;0.265356
1;0.72707;0.302211
1;0.643577;0.243243
1;0.51248;0.189189
2;0.30791;0.257985
1;0.997687;0.594595
1;0.0187219;0.04914
1;0.0453271;0.0982801
2;0.411126;0.268949
1;0.0950769;0.0782396
1;0.988248;0.537897
1;0.166639;0.114914
2;0.649409;0.279012
1;0.0476747;0.0518519
1;0.404027;0.261728
1;0.76479;0.407407
2;0.793965;0.417949
1;0.0990146;0.128205
1;0.176445;0.171795
1;0.394198;0.282051
2;0.637847;0.283814
1;0.530164;0.330377
1;0.287928;0.16408
1;0.324778;0.221729
2;0.568973;0.312958
1;0.423065;0.281174
1;0.573343;0.388753
1;0.0129385;0.0171149
2;0.252633;0.183575
1;0.522774;0.384058
1;0.00810445;0.0169082
1;0.594431;0.415459
2;0.0323569;0.049505
1;0.731156;0.485149
1;0.258565;0.212871
1;0.309997;0.252475
2;0.297274;0.1133
1;0.415187;0.253695
1;0.621296;0.315271
1;0.644452;0.317734
2;0.360491;0.152174
1;0.849628;0.309783
1;0.381254;0.192935
1;0.817497;0.345109
2;0.703618;0.24878
1;0.577129;0.3
1;0.766788;0.346341
1;0.275886;0.104878
2;0.236251;0.202469
1;0.00333806;0.00987654
1;0.688334;0.434568
1;0.510151;0.353086
2;0.942014;0.321596
1;0.211401;0.105634
1;0.724421;0.328638
1;0.499164;0.244131
2;0.691824;0.212276
1;0.448142;0.194373
1;0.839903;0.319693
1;0.661274;0.273657
2;0.737215;0.280788
1;0.693135;0.275862
1;0.686596;0.273399
1;0.341305;0.169951
2;0.366609;0.132388
1;0.505158;0.191489
1;0.725686;0.314421
1;0.962506;0.361702
2;0.740288;0.358911
1;0.717934;0.376238
1;0.039136;0.0445545
1;0.229115;0.220297
2;0.608606;0.305764
1;0.465613;0.253133
1;0.222693;0.145363
1;0.608632;0.295739
2;0.396005;0.288372
1;0.125899;0.153488
1;0.326143;0.260465
1;0.381262;0.297674
2;0.853595;0.248062
1;0.216713;0.0904393
1;0.680951;0.297158
1;0.975141;0.364341
2;0.992353;0.309524
1;0.610821;0.296296
1;0.301222;0.171958
1;0.49644;0.222222
2;0.613519;0.225182
1;0.876324;0.329298
1;0.482714;0.208232
1;0.543356;0.237288
2;0.158208;0.0697115
1;0.7535;0.314904
1;0.92985;0.370192
1;0.562443;0.245192
2;0.224309;0.101996
1;0.760122;0.281596
1;0.802152;0.290466
1;0.964753;0.325942
2;0.261518;0.249377
1;0.0543745;0.0698254
1;0.754248;0.488778
1;0.163073;0.19202
2;0.304684;0.260309
1;0.0647676;0.108247
1;0.0297212;0.064433
1;0.802534;0.56701
2;0.999942;0.308219
1;0.427693;0.171233
1;0.685582;0.267123
1;0.519491;0.253425
2;0.546557;0.234536
1;0.582908;0.244845
1;0.995471;0.371134
1;0.301558;0.149485
2;0.941333;0.341404
1;0.0647646;0.0532688
1;0.377578;0.196126
1;0.733569;0.409201
2;0.70137;0.190355
1;0.945706;0.258883
1;0.966679;0.28934
1;0.86613;0.261421
2;0.359728;0.264339
1;0.405735;0.331671
1;0.0577718;0.042394
1;0.538886;0.361596
2;0.00980269;0.0597701
1;0.413914;0.452874
1;0.0110796;0.045977
1;0.360868;0.441379
2;0.000392285;0.0292683
1;0.608143;0.219512
1;0.95853;0.382927
1;0.975031;0.368293
2;0.825237;0.377574
1;0.841087;0.352403
1;0.158504;0.0961098
1;0.229815;0.173913
2;0.0440326;0.0880829
1;0.235735;0.331606
1;0.032636;0.0829016
1;0.379691;0.497409
2;0.524395;0.245413
1;0.201061;0.155963
1;0.453447;0.213303
1;0.835284;0.385321
2;0.380791;0.138272
1;0.487695;0.237037
1;0.911293;0.409877
1;0.382719;0.214815
2;0.166539;0.0917647
1;0.362692;0.287059
1;0.859243;0.425882
1;0.301192;0.195294
2;0.141358;0.133495
1;0.558283;0.359223
1;0.326257;0.276699
1;0.28445;0.230583
2;0.478134;0.244216
1;0.85138;0.434447
1;0.320085;0.200514
1;0.180633;0.120823
2;0.681802;0.293233
1;0.202728;0.115288
1;0.987195;0.385965
1;0.48383;0.205514
2;0.985615;0.288591
1;0.384212;0.174497
1;0.748156;0.221477
1;0.903319;0.315436
2;0.335926;0.170213
1;0.870409;0.385343
1;0.801297;0.314421
1;0.233032;0.130024
2;0.515927;0.234043
1;0.567203;0.323877
1;0.562461;0.276596
1;0.320252;0.165485
2;0.390544;0.292056
1;0.221039;0.214953
1;0.307641;0.221963
1;0.318296;0.271028
2;0.938188;0.235732
1;0.98316;0.320099
1;0.710157;0.265509
1;0.427494;0.17866
2;0.377584;0.229314
1;0.586254;0.345154
1;0.0565745;0.0567376
1;0.585652;0.368794
2;0.999519;0.441327
1;0.11027;0.102041
1;0.452489;0.326531
1;0.17185;0.130102
2;0.0172662;0.0536585
1;0.09918;0.0829268
1;0.441375;0.390244
1;0.738336;0.473171
2;0.947068;0.295122
1;0.994463;0.326829
1;0.930533;0.329268
1;0.0733045;0.0487805
2;0.413248;0.230024
1;0.0366733;0.0387409
1;0.620854;0.348668
1;0.724434;0.382567
2;0.692424;0.240826
1;0.473844;0.169725
1;0.986217;0.323395
1;0.937385;0.266055
2;0.544233;0.205882
1;0.495434;0.267157
1;0.640236;0.259804
1;0.690337;0.267157
2;0.256344;0.138686
1;0.316512;0.16545
1;0.665351;0.306569
1;0.91906;0.389294
2;0.929527;0.366359
1;0.122461;0.103687
1;0.417141;0.290323
1;0.321063;0.239631
2;0.15572;0.140665
1;0.110293;0.16624
1;0.0655979;0.122762
1;0.974452;0.570332
2;0.0186299;0.0406699
1;0.998808;0.38756
1;0.332297;0.181818
1;0.852292;0.389952
2;0.60869;0.272487
1;0.719037;0.351852
1;0.791077;0.330688
1;0.0662154;0.0449735
2;0.508355;0.272
1;0.303358;0.2
1;0.811692;0.474667
1;0.0384839;0.0533333
2;0.395364;0.222222
1;0.213397;0.18863
1;0.777314;0.366925
1;0.342887;0.222222
2;0.0272417;0.062212
1;0.100182;0.112903
1;0.719568;0.410138
1;0.664382;0.414747
2;0.602046;0.299728
1;0.530755;0.299728
1;0.0798947;0.0381471
1;0.821726;0.362398
2;0.64675;0.240506
1;0.960493;0.339241
1;0.141028;0.0936709
1;0.871558;0.326582
2;0.623896;0.306733
1;0.0503502;0.0274314
1;0.583328;0.296758
1;0.735451;0.369077
2;0.210214;0.12069
1;0.443291;0.317734
1;0.597359;0.401478
1;0.215727;0.160099
2;0.359953;0.210526
1;0.231147;0.183066
1;0.706514;0.375286
1;0.356182;0.231121
2;0.904146;0.393484
1;0.202642;0.230576
1;0.0585033;0.0626566
1;0.297883;0.313283
2;0.428521;0.162791
1;0.858746;0.369509
1;0.586676;0.248062
1;0.38955;0.219638
2;0.7271;0.212264
1;0.923103;0.377358
1;0.892892;0.294811
1;0.335539;0.115566
2;0.878263;0.297872
1;0.432353;0.187234
1;0.870217;0.340426
1;0.313283;0.174468
2;0.275532;0.139949
1;0.960545;0.361323
1;0.507727;0.226463
1;0.58318;0.272265
2;0.156537;0.10582
1;0.5921;0.275132
1;0.386313;0.243386
1;0.791226;0.375661
2;0.497107;0.136364
1;0.83694;0.290404
1;0.772516;0.270202
1;0.958881;0.30303
2;0.546636;0.203125
1;0.55241;0.210938
1;0.78803;0.346354
1;0.403193;0.239583
2;0.523076;0.263415
1;0.663003;0.343902
1;0.517727;0.302439
1;0.136863;0.0902439
2;0.704345;0.249357
1;0.934023;0.293059
1;0.489354;0.218509
1;0.630834;0.239075
2;0.288397;0.214815
1;0.413755;0.320988
1;0.772764;0.451852
1;0.00143919;0.0123457
2;0.101994;0.0970149
1;0.615058;0.375622
1;0.185899;0.141791
1;0.719046;0.385572
2;0.60381;0.280303
1;0.492439;0.265152
1;0.306084;0.181818
1;0.60041;0.272727
2;0.173787;0.162791
1;0.495265;0.293023
1;0.0293285;0.0395349
1;0.99708;0.504651
2;0.115876;0.095672
1;0.336478;0.300683
1;0.177662;0.182232
1;0.573939;0.421412
2;0.40276;0.173575
1;0.650981;0.334197
1;0.903913;0.453368
1;0.0502515;0.0388601
2;0.120351;0.0851064
1;0.359082;0.265957
1;0.249196;0.244681
1;0.553104;0.404255
2;0.0694139;0.0486111
1;0.245176;0.168981
1;0.62828;0.349537
1;0.902531;0.43287
2;0.453052;0.14
1;0.766685;0.266667
1;0.914952;0.295556
1;0.926608;0.297778
2;0.134641;0.0971129
1;0.671726;0.333333
1;0.334977;0.160105
1;0.934743;0.409449
2;0.220992;0.231325
1;0.0334998;0.0506024
1;0.653315;0.493976
1;0.19195;0.224096
2;0.291412;0.143216
1;0.152603;0.0829146
1;0.940399;0.41206
1;0.892069;0.361809
2;0.946701;0.362205
1;0.34701;0.225722
1;0.186147;0.139108
1;0.615224;0.272966
2;0.233231;0.117073
1;0.540327;0.246341
1;0.910131;0.326829
1;0.767614;0.309756
2;0.177237;0.0806045
1;0.490203;0.234257
1;0.607116;0.292191
1;0.801587;0.392947
2;0.654001;0.308642
1;0.268974;0.177778
1;0.577692;0.353086
1;0.258647;0.160494
2;0.600293;0.208122
1;0.931378;0.340102
1;0.940841;0.304569
1;0.320236;0.147208
2;0.414495;0.173516
1;0.864742;0.292237
1;0.675796;0.246575
1;0.927011;0.287671
2;0.963833;0.417098
1;0.0117272;0.0181347
1;0.301417;0.215026
1;0.548084;0.349741
2;0.5132;0.256944
1;0.402635;0.3125
1;0.25543;0.175926
1;0.320279;0.25463
2;0.116197;0.0904872
1;0.668331;0.364269
1;0.206654;0.12761
1;0.809547;0.417633
2;0.787894;0.321951
1;0.976243;0.382927
1;0.0192048;0.0195122
1;0.624983;0.27561
2;0.0218243;0.0334129
1;0.579018;0.315036
1;0.613174;0.312649
1;0.551983;0.338902
2;0.127504;0.0809524
1;0.917809;0.419048
1;0.114712;0.102381
1;0.83782;0.397619
2;0.318337;0.221106
1;0.970663;0.502513
1;0.219478;0.173367
1;0.117488;0.103015
2;0.648349;0.276995
1;0.653258;0.338028
1;0.481755;0.319249
1;0.0608922;0.0657277
2;0.0471361;0.0537383
1;0.523367;0.313084
1;0.772194;0.420561
1;0.353211;0.212617
2;0.498136;0.264151
1;0.385177;0.266509
1;0.780794;0.393868
1;0.0877641;0.0754717
2;0.846526;0.341837
1;0.0865747;0.0637755
1;0.700689;0.387755
1;0.293073;0.206633
2;0.388149;0.195599
1;0.855821;0.317848
1;0.958317;0.330073
1;0.422576;0.156479
2;0.100954;0.0699774
1;0.569952;0.358916
1;0.592013;0.376975
1;0.211374;0.194131
