0.0049121
0.00491553
00.0049113800.0046329800.003708890.00499196
0.00539868
0.00510314
0.00532681
0.00481223
0.00551457
0.00537459
0.00503423
0.00570557
0.0058016800.00614252
0.0046975300.0061503100.0053789400.00545193
0.00577077
0.00602583
0.00617591
0.00537402
0.00555714
0.00605308
0.00605426
0.00524531
0.00471698
0.00564662
0.0055302
0.00534388
0.00599771
0.00520029
0.00595219
0.00557015
0.00577296
0.00507404
0.00506474
0.00635818
0.00536322
0.00513453
0.00535976
0.00525395
0.00595486
0.0057016
0.00539645
0.00526444
0.00525519
0.00578824
0.00533603
0.00544237
0.00476927
0.00585116
0.00479167
0.00600701
0.00492297
0.00618093
0.00499805
0.00533114
0.00587741
0.00508728
0.00472375
0.00600651
0.00555499
0.0046684
0.00646568
0.00481934
0.00548345
0.00557178
0.005777
0.0054544
0.00614244
0.00491639
0.00508111
0.00605534
0.00531008
0.00537414
0.00506146
0.00505539
0.00598436
0.00533708
0.00627194
0.00497982
0.0056487
0.00528018
0.00583394
0.00504411
0.00540533
0.00517668
0.00566627
0.00489831
0.00563658
0.00535525
0.0053765
0.00515646
0.0050.00510.0059461
0.00570.0050.00550.0050.00540.0040.00470.0040.00610.0040.00540.0040.00510.0050.00500.0040.00570.0050.00539062
0.00460.0040.00460.0040.0040.00480.0050.00450.0050.00570.0050.00440.0050.00500.0060.00570.0060.00510.000.004870.000.0040.0050.00430.0040.00430.0060.00460.0050.00440.0060.00440.0050.00510.0050.00500.0060.0050.00500.00542771
0.00535904
0.000.006080.00458492
0.00545875
0.00468707
0.00557412
0.00396942
0.00558207
0.00427883
0.00532099
0.00447048
0.00478673
0.00453272
0.00579452
0.00583574
0.00513369
0.00485076
0.00533435
0.00514807
0.0042433
0.00562514
0.00499793
0.00422891
0.00449901
0.00555297
0.00414846
0.00540658
0.00513906
0.00513856
0.00523602
0.00561391
0.00535932
0.00421609
0.00421609
0.00458399
0.00400103
0.0048593
0.00500269
0.00500269
0.0048273
0.00450384
0.00419472
0.00419472
0.00419472
0.00509815
0.00393321
0.00513947
0.00448747
0.00527765
0.00475655
0.00490414
0.00390551
0.00517899
0.00505001
0.00472227
0.00543689
0.00478448
0.00422466
0.00447367
0.00523773
0.00501674
0.00470058
0.00517281
0.00521551
0.00514962
0.00588536
0.00398511
0.00482142
0.00527618
0.00409116
0.00483361
0.00565807
0.0049518
0.00542269
0.00410923
0.00523287
0.00506525
0.00543794
0.0042716
0.00547755
0.00542909
0.00461097
0.00529625
0.00493515
0.00470099
0.00417258
0.00385738
0.00408178
0.0051650200.0044118600.0044118600.0044247
0.00491264
0.00513776
0.00547878
0.00479207
0.00457894
0.00461579
0.00461579
0.00478373
0.00477209
0.00547299
0.00453467
0.0051472
0.0050427
0.0047051
0.00470831
0.00524161
0.00438061
0.00449608
0.00512783
0.00526923
0.00487707
0.00439335
0.00478692
0.00478692
0.00581208
0.00462666
0.0045085
0.00448962
0.00442918
0.00444307
0.00444307
0.00508995
0.00451951
0.00451951
0.00459547
0.00459547
0.00461096
0.00461484
0.00532121
0.00594147
0.00556273
0.00521467
0.00485023
0.0047162
0.00475499
0.00475499
0.0049859
0.00424178
0.00496215
0.00496215
0.00444047
0.00444047
0.00468082
0.00468082
0.00556829
0.00514957
0.0042835
0.0042835
0.0053343
0.0049391
0.00426951
0.0042887
0.0042887
0.00542498
0.00434658
0.00545936
0.00531541
0.00468715
0.00456628
0.0056651
0.0044140.00.0045340.00.0045340.00.00434471
0.00514739
0.00528039
0.00487509
0.00450.0050.00450.0050.00420.0050.00420.0050.00500.000.005050.00.0051490.00503602
0.00538935
0.00538935
0.00538935
0.00618024
0.00479503
0.00479503
0.00479503
0.00479503
0.00520988
0.00515719
0.00515719
0.00515719
0.00541723
0.00487853
0.00487853
0.00501739
0.00501739
0.00546564
0.0050957
0.0050957
0.00500611
0.00500611
0.00532457
0.00489134
0.00489134
0.00567099
0.00568673
0.00452476
0.00452476
0.00589339
0.00583759
0.00550045
0.00562708
0.00601204
0.00662208
0.00525563
0.00525563
0.00525563
0.00496014
0.00548496
0.00513637
0.00542208
0.00505562
0.00558348
0.00518215
0.00507183
0.00507183
0.00509554
0.00509554
0.0045685
0.0045685
0.0045685
0.0045685
0.0045685
0.0045685
0.0045685
0.0045685
0.0045685
0.00484301
0.00500395
0.00556648
0.00556648
0.00507156
0.00507156
0.00519845
0.00503014
0.00503014
0.00503014
0.00480994
0.00565431
0.00586068
0.00562974
0.00561574
0.00534738
0.00509394
0.00450252
0.00450252
0.00450252
0.00450252
0.004713
0.004713
0.004713
0.004713
0.004713
0.004713
0.006248
0.00513923
0.00513923
0.00552821
0.00450429
0.00450429
0.00450429
0.00450429
0.00450429
0.00450429
0.00450429
0.00450429
0.00450429
0.00450429
0.00450429
0.00450429
0.00450429
0.00450429
0.00450429
0.00515448
0.00515448
0.00548054
0.00517552
0.00480449
0.00480449
0.00517406
0.00517406
0.00517406
0.00517406
0.00502671
0.00507914
0.00507914
0.00498933
0.00478249
0.00478225
0.00478225
0.0049736
0.0049736
0.0049736
0.0049736
0.0049736
0.00506532
0.0053268
0.0053268
0.00504098
0.00504098
0.00504098
0.00504098
0.00504098
0.00504098
0.00504098
0.00518868
0.00482996
0.00482996
0.00482996
0.00482996
0.00482996
0.00482996
0.00482996
0.00507772
0.00507772
0.00454874
0.00454874
0.00454874
0.00454874
0.00454874
0.00454874
0.00454874
0.00454874
0.00454874
0.00454874
0.00457389
0.00457389
0.00457389
0.00457389
0.00457389
0.00457389
0.00457389
0.00457389
0.00457389
0.00482493
0.00482493
0.00509163
0.00486756
0.00486756
0.00486756
0.00486756
0.00486756
0.00486756
0.00486756
0.00513661
0.00505935
0.00514146
0.00514146
0.00507306
0.00507306
0.00507306
0.00507306
0.00481254
0.00481254
0.00481254
0.00481254
0.00481254
0.00481254
0.00481254
0.00481254
0.00481254
0.00481254
0.00481254
0.00481254
0.0047469
0.00480313
0.00464876
0.00464876
0.00464876
0.00464876
0.00450378
0.00450378
0.00450378
0.00450378
0.00450378
0.00450157
0.00450157
0.00450157
0.00450157
0.00450157
0.00450157
0.00450157
0.00450157
0.00450157
0.00450157
0.00450157
0.00450157
0.00450157
0.00450157
0.00450157
0.00450157
0.00450157
0.00450157
0.00450157
0.00450157
0.00450157
0.00450157
0.00450157
0.00450157
0.00450157
0.00450157
0.00450157
0.00450157
0.00450157
0.00450157
0.00450157
0.00450157
0.00450157
0.00450157
0.00450157
0.00450157
0.00450157
0.00450157
0.00450157
0.00450157
0.00450157
0.00450157
0.00450157
0.00450157
0.00450157
0.00450157
0.00450157
0.00450157
0.00450157
0.00450157
0.00450157
0.00450157
0.00461765
0.00461765
0.00461765
0.00448933
0.00448933
0.00448933
0.00448933
0.00448933
0.00448933
0.00448933
0.00448933
0.00448933
0.00448933
0.00448933
0.00448933
0.00448933
0.00448933
0.00448933
0.00448933
0.00448933
0.00448933
0.00448933
0.00448933
0.00387359
0.00387359
0.00387359
0.00387359
0.00387359
0.00387359
0.00387359
0.00387359
0.00387359
0.00387359
0.00387359
0.00387359
0.00387359
0.00387359
0.00387359
0.00387359
0.00387359
0.00387359
0.00387359
0.00387359
0.00387359
0.00387359
0.00387359
0.00387359
0.00387359
0.00387359
0.00387359
0.00387359
0.00387359
0.00387359
0.00387359
0.00387359
0.00387359
0.00387359
0.00387359
0.00387359
0.00387359
0.00387359
0.00387359
0.00387359
0.00387359
0.00387359
0.00387359
0.00387359
0.00387359
0.00387359
0.00387359
0.00387359
0.00387359
0.00387359
0.00387359
0.00387359
0.00387359
0.00387359
0.00387359
0.00387359
0.00387359
0.00387359
0.00387359
0.00387359
0.00387359
0.00387359
0.00387359
0.00387359
0.00387359
0.00387359
0.00387359
0.00387359
0.00387359
0.00387359
0.00387359
0.00387359
0.00387359
0.00387359
0.00387359
0.00387359
0.00387359
0.00387359
0.00387359
0.00387359
0.00387359
0.00387359
0.00387359
0.00387359
0.00387359
0.00387359
0.00387359
0.00387359
0.00387359
0.00387359
0.00387359
0.00387359
0.00387359
0.00387359
0.00387359
0.00387359
0.00387359
0.00387359
0.00.0037030.00.0037030.00.0037030.00.0037030.00.0037030.00.0037030.00.0037030.00.0037030.00.0037030.00.0037030.00.0037030.00.0037030.00.0037030.00.0037030.00.0037030.00.0037030.00.0037030.00.0037030.00.0037030.00.0037030.00.0037030.00.0037030.00.0037030.00.0037030.00387359
0.00387359
0.00387359
0.00387359
0.00387359
0.00387359
0.00387359
0.00387359
0.00387359
0.00387359
0.00387359
0.00387359
0.00387359
0.00387359
0.00387359
0.00387359
0.00387359
0.00387359
0.00387359
0.00387359
0.00387359
0.00387359
0.00387359
0.00387359
0.00387359
0.00387359
0.00387359
0.00387359
0.00387359
0.00387359
0.00387359
0.00387359
0.00387359
0.00387359
0.00387359
0.00387359
0.00387359
0.00387359
0.00387359
0.00387359
0.00387359
0.00387359
0.00387359
0.00387359
0.00387359
0.00387359
0.00387359
0.00387359
0.00387359
0.00387359
0.00387359
0.00387359
0.00387359
0.00387359
0.00387359
0.00387359
0.00387359
0.00387359
0.00387359
0.00387359
0.00387359
0.00387359
0.00387359
0.00387359
0.00387359
0.00387359
0.00387359
0.00387359
0.00387359
0.00387359
0.00387359
0.00387359
0.00387359
0.00387359
0.00387359
0.00387359
0.00387359
0.00387359
0.00387359
0.00387359
0.00387359
0.00387359
0.00387359
0.00387359
0.00387359
0.00387359
0.00387359
0.00387359
0.00387359
0.00387359
0.00387359
0.00387359
0.00387359
0.00387359
0.00387359
0.00387359
0.00387359
0.00387359
0.00387359
0.00387359
0.00387359
0.00387359
0.00387359
0.00387359
0.00387359
0.00387359
0.00387359
0.00387359
0.00387359
0.00387359
0.00387359
0.00387359
0.00387359
0.00387359
0.00387359
0.00387359
0.00387359
0.00387359
0.00387359
0.00387359
0.00387359
0.00387359
0.00387359
0.00387359
0.00387359
0.00387359
0.00387359
0.00387359
0.00387359
0.00387359
0.00387359
0.00387359
0.00387359
0.00387359
0.00387359
0.00387359
0.00387359
0.00387359
0.00387359
0.00387359
0.00387359
0.00387359
0.00387359
0.00387359
0.00387359
0.00387359
0.00387359
0.00387359
0.00387359
0.00387359
0.00387359
0.00387359
0.00387359
0.00387359
0.00387359
0.00387359
0.00387359
0.00387359
0.00387359
0.00387359
0.00387359
0.00387359
0.00387359
0.00387359
0.00387359
0.00387359
0.00387359
0.00387359
0.00387359
0.00387359
0.00387359
0.00387359
0.00387359
0.00387359
0.00387359
0.00387359
0.00387359
0.00387359
0.00387359
0.00387359
0.00387359
0.00387359
0.00387359
0.00387359
0.00387359
0.00387359
0.00387359
0.00387359
0.00387359
0.00387359
0.00387359
0.00387359
0.00387359
0.00387359
0.00387359
0.00387359
0.00387359
0.00387359
0.00387359
0.00387359
0.00387359
0.00387359
0.00387359
0.00387359
0.00387359
0.00387359
0.00387359
0.00387359
0.00387359
0.00387359
0.00387359
0.00387359
0.00387359
0.00387359
0.00387359
0.00387359
0.00387359
0.00387359
0.00387359
0.00387359
0.00387359
0.00387359
0.00387359
0.00387359
0.00387359
0.00387359
0.00387359
0.00387359
0.00387359
0.00387359
0.00387359
0.00387359
0.00387359
0.00387359
0.00387359
0.00387359
0.00387359
0.00387359
0.00387359
0.00387359
0.00387359
0.00387359
0.00387359
0.00387359
0.00387359
0.00387359
0.00387359
0.00387359
0.00387359
0.00387359
0.00387359
0.00387359
0.00387359
0.00387359
0.00387359
0.00387359
0.00387359
0.00387359
0.00387359
0.00387359
0.00387359
0.00387359
0.00387359
0.00387359
0.00387359
0.00387359
0.00387359
0.00387359
0.00387359
0.00387359
0.00387359
0.00387359
0.00387359
0.00387359
0.00387359
0.00387359
0.00387359
0.00387359
0.00387359
0.00387359
0.00387359
0.00387359
0.00387359
0.00387359
0.00387359
0.00387359
0.00387359
0.00387359
0.00387359
0.00387359
0.00387359
0.00387359
0.00387359
0.00387359
0.00387359
0.00387359
0.00387359
0.00387359
0.00387359
0.00387359
0.00387359
0.00387359
0.00387359
0.00387359
0.00387359
0.00387359
0.00387359
0.00387359
0.00387359
0.00387359
0.00387359
0.00387359
0.00387359
0.00387359
0.00387359
0.00387359
0.00387359
0.00387359
0.00387359
0.00387359
0.00387359
0.00387359
0.00387359
0.00387359
0.00387359
0.00387359
0.00387359
0.00387359
0.00387359
0.00387359
0.00387359
0.00387359
0.00387359
0.00387359
0.00387359
0.00387359
0.00387359
0.00387359
0.00387359
0.00387359
0.00387359
0.00387359
0.00387359
0.00387359
0.00387359
0.00387359
0.00387359
0.00387359
0.00387359
0.00387359
0.00387359
0.00387359
0.00387359
0.00387359
0.00387359
0.00387359
0.00387359
0.00387359
0.00387359
0.00387359
0.00387359
0.00387359
0.00387359
0.00387359
0.00387359
0.00387359
0.00387359
0.00387359
0.00387359
0.00387359
0.00387359
0.00387359
0.00387359
0.00387359
0.00387359
0.00387359
0.00387359
0.00387359
0.00387359
0.00387359
0.00387359
0.00387359
0.00387359
0.00387359
0.00387359
0.00387359
0.00387359
0.00387359
0.00387359
0.00387359
0.00387359
0.00387359
0.00387359
0.00387359
0.00387359
0.00387359
0.00387359
0.00387359
0.00387359
0.00387359
0.00387359
0.00387359
0.00387359
0.00387359
0.00387359
0.00387359
0.00387359
0.00387359
0.00387359
0.00387359
0.00387359
0.00387359
0.00387359
0.00387359
0.00387359
0.00387359
0.00387359
0.00387359
0.00387359
0.00387359
0.00387359
0.00387359
0.00387359
0.00387359
0.00387359
0.00387359
0.00387359
0.00387359
0.00387359
0.00387359
0.00387359
0.00387359
0.00387359
0.00387359
0.00387359
0.00387359
0.00387359
0.00387359
0.00387359
0.00387359
0.00387359
0.00387359
0.00387359
0.00387359
0.00387359
0.00387359
0.00387359
0.00387359
0.00387359
0.00387359
0.00387359
0.00387359
0.00387359
0.00387359
0.00387359
0.00387359
0.00387359
0.00387359
0.00387359
0.00387359
0.00387359
0.00387359
0.00387359
0.00387359
0.00387359
0.00387359
0.00387359
0.00387359
0.00387359
0.00387359
0.00387359
0.00387359
0.00387359
0.00387359
0.00387359
0.00387359
0.00387359
0.00387359
0.00387359
0.00387359
0.00387359
0.00387359
0.00387359
0.00387359
0.00387359
0.00387359
0.00387359
0.00387359
0.00387359
0.00387359
0.00387359
0.00387359
0.00387359
0.00387359
0.00387359
0.00387359
0.00387359
0.00387359
0.00387359
0.00387359
0.00387359
0.00387359
0.00387359
0.00387359
0.00387359
0.00387359
0.00387359
0.00387359
0.00387359
0.00387359
0.00387359
0.00387359
0.00387359
0.00387359
0.00387359
0.00387359
0.00387359
0.00387359
0.00387359
0.00387359
0.00387359
0.00387359
0.00387359
0.00387359
0.00387359
0.00387359
0.00387359
0.00387359
0.00387359
0.00387359
0.00387359
0.00387359
0.00387359
0.00387359
0.00387359
0.00387359
0.00387359
0.00387359
0.00387359
0.00387359
0.00387359
0.00387359
0.00387359
0.00387359
0.00387359
0.00387359
0.00387359
0.00387359
0.00387359
0.00387359
0.00387359
0.00387359
0.00387359
0.00387359
0.00387359
0.00387359
0.00387359
0.00387359
0.00387359
0.00387359
0.00387359
0.00387359
0.00387359
0.00387359
0.00387359
0.00387359
0.00387359
0.00387359
0.00387359
0.00387359
0.00387359
0.00387359
0.00387359
0.00387359
0.00387359
0.00387359
0.00387359
0.00387359
0.00387359
0.00387359
0.00387359
0.00387359
0.00387359
0.00387359
0.00387359
0.00387359
0.00387359
0.00387359
0.00387359
0.00387359
0.00387359
0.00387359
0.00387359
0.00387359
0.00387359
0.00387359
0.00387359
0.00387359
0.00387359
0.00387359
0.00387359
0.00387359
0.00387359
0.00387359
0.00387359
0.00387359
0.00387359
0.00387359
0.00387359
0.00387359
0.00387359
0.00387359
0.00387359
0.00387359
0.00387359
0.00387359
0.00387359
0.00387359
0.00387359
0.00387359
0.00387359
0.00387359
0.00387359
0.00387359
0.00387359
0.00387359
0.00387359
0.00387359
0.00387359
0.00387359
0.00387359
0.00387359
0.00387359
0.00387359
0.00387359
0.00387359
0.00387359
0.00387359
0.00387359
0.00387359
0.00387359
0.00387359
0.00387359
0.00387359
0.00387359
0.00387359
0.00387359
0.00387359
0.00387359
0.00387359
0.00387359
0.00387359
0.00387359
0.00387359
0.00387359
0.00387359
0.00387359
0.00387359
0.00387359
0.00387359
0.00387359
0.00387359
0.00387359
0.00387359
0.00387359
0.00387359
0.00387359
0.00387359
0.00387359
0.00387359
0.00387359
0.00387359
0.00387359
0.00387359
0.00387359
0.00387359
0.00387359
0.00387359
0.00387359
0.00387359
0.00387359
0.00387359
0.00387359
0.00387359
0.00387359
0.00387359
0.00387359
0.00387359
0.00387359
0.00387359
0.00387359
0.00387359
0.00387359
0.00387359
0.00387359
0.00387359
0.00387359
0.00387359
0.00387359
0.00387359
0.00387359
0.00387359
0.00387359
0.00387359
0.00387359
0.00387359
0.00387359
0.00387359
0.00387359
0.00387359
0.00387359
0.00387359
0.00387359
0.00387359
0.00387359
0.00387359
0.00387359
0.00387359
0.00387359
0.00387359
0.00387359
0.00387359
0.00387359
0.00387359
0.00387359
0.00387359
0.00387359
0.00387359
0.00387359
0.00387359
0.00387359
0.00387359
0.00387359
0.00387359
0.00387359
0.00387359
0.00387359
0.00387359
0.00387359
0.00387359
0.00387359
0.00387359
0.00387359
0.00387359
0.00387359
0.00387359
0.00387359
0.00387359
0.00387359
0.00387359
0.00387359
0.00387359
0.00387359
0.00387359
0.00387359
0.00387359
0.00387359
0.00387359
0.00387359
0.00387359
0.00387359
0.00387359
0.00387359
0.00387359
0.00387359
0.00387359
0.00387359
0.00387359
0.00387359
0.00387359
0.00387359
0.00387359
0.00387359
0.00387359
0.00387359
0.00387359
0.00387359
0.00387359
0.00387359
0.00387359
0.00387359
0.00387359
0.00387359
0.00387359
0.00387359
0.00387359
0.00387359
0.00387359
0.00387359
0.00387359
0.00387359
0.00387359
0.00387359
0.00387359
0.00387359
0.00387359
0.00387359
0.00387359
0.00387359
0.00387359
0.00387359
0.00387359
0.00387359
0.00387359
0.00387359
0.00387359
0.00387359
0.00387359
0.00387359
0.00387359
0.00387359
0.00387359
0.00387359
0.00387359
0.00387359
0.00387359
0.00387359
0.00387359
0.00387359
0.00387359
0.00387359
0.00387359
0.00387359
0.00387359
0.00387359
0.00387359
0.00387359
0.00387359
0.00387359
0.00387359
0.00387359
0.00387359
0.00387359
0.00387359
0.00387359
0.00387359
0.00387359
0.00387359
0.00387359
0.00387359
0.00387359
0.00387359
0.00387359
0.00387359
0.00387359
0.00387359
0.00387359
0.00387359
0.00387359
0.00387359
0.00387359
0.00387359
0.00387359
0.00387359
0.00387359
0.00387359
0.00387359
0.00387359
0.00387359
0.00387359
0.00387359
0.00387359
0.00387359
0.00387359
0.00387359
0.00387359
0.00387359
0.00387359
0.00387359
0.00387359
0.00387359
0.00387359
0.00387359
0.00387359
0.00387359
0.00387359
0.00387359
0.00387359
0.00387359
0.00387359
0.00387359
0.00387359
0.00387359
0.00387359
0.00387359
0.00387359
0.00387359
0.00387359
0.00387359
0.00387359
0.00387359
0.00387359
0.00387359
0.00387359
0.00387359
0.00387359
0.00387359
0.00387359
0.00387359
0.00387359
0.00387359
0.00387359
0.00387359
0.00387359
0.00387359
0.00387359
0.00387359
0.00387359
0.00387359
0.00387359
0.00387359
0.00387359
0.00387359
0.00387359
0.00387359
0.00387359
0.00387359
0.00387359
0.00387359
0.00387359
0.00387359
0.00387359
0.00387359
0.00387359
0.00387359
0.00387359
0.00387359
0.00387359
0.00387359
0.00387359
0.00387359
0.00387359
0.00387359
0.00387359
0.00387359
0.00387359
0.00387359
0.00387359
0.00387359
0.00387359
0.00387359
0.00387359
0.00387359
0.00387359
0.00387359
0.00387359
0.00387359
0.00387359
0.00387359
0.00387359
0.00387359
0.00387359
0.00387359
0.00387359
0.00387359
0.00387359
0.00387359
0.00387359
0.00387359
0.00387359
0.00387359
0.00387359
0.00387359
0.00387359
0.00387359
0.00387359
0.00387359
0.00387359
0.00387359
0.00387359
0.00387359
0.00387359
0.00387359
0.00387359
0.00387359
0.00387359
0.00387359
0.00387359
0.00387359
0.00387359
0.00387359
0.00387359
0.00387359
0.00387359
0.00387359
0.00387359
0.00387359
0.00387359
0.00387359
0.00387359
0.00387359
0.00387359
0.00387359
0.00387359
0.00387359
0.00387359
0.00387359
0.00387359
0.00387359
0.00387359
0.00387359
0.00387359
0.00387359
0.00387359
0.00387359
0.00387359
0.00387359
0.00387359
0.00387359
0.00387359
0.00387359
0.00387359
0.00387359
0.00387359
0.00387359
0.00387359
0.00387359
0.00387359
0.00387359
0.00387359
0.00387359
0.00387359
0.00387359
0.00387359
0.00387359
0.00387359
0.00387359
0.00387359
0.00387359
0.00387359
0.00387359
0.00387359
0.00387359
0.00387359
0.00387359
0.00387359
0.00387359
0.00387359
0.00387359
0.00387359
0.00387359
0.00387359
0.00387359
0.00387359
0.00387359
0.00387359
0.00387359
0.00387359
0.00387359
0.00387359
0.00387359
0.00387359
0.00387359
0.00387359
0.00387359
0.00387359
0.00387359
0.00387359
0.00387359
0.00387359
0.00387359
0.00387359
0.00387359
0.00387359
0.00387359
0.00387359
0.00387359
0.00387359
0.00387359
0.00387359
0.00387359
0.00387359
0.00387359
0.00387359
0.00387359
0.00387359
0.00387359
0.00387359
0.00387359
0.00387359
0.00387359
0.00387359
0.00387359
0.00387359
0.00387359
0.00387359
0.00387359
0.00387359
0.00387359
0.00387359
0.00387359
0.00387359
0.00387359
0.00387359
0.00387359
0.00387359
0.00387359
0.00387359
0.00387359
0.00387359
0.00387359
0.00387359
0.00387359
0.00387359
0.00387359
0.00387359
0.00387359
0.00387359
0.00387359
0.00387359
0.00387359
0.00387359
0.00387359
0.00387359
0.00387359
0.00387359
0.00387359
0.00387359
0.00387359
0.00387359
0.00387359
0.00387359
0.00387359
0.00387359
0.00387359
0.00387359
0.00387359
0.00387359
0.00387359
0.00387359
0.00387359
0.00387359
0.00387359
0.00387359
0.00387359
0.00387359
0.00387359
0.00387359
0.00387359
0.00387359
0.00387359
0.00387359
0.00387359
0.00387359
0.00387359
0.00387359
0.00387359
0.00387359
0.00387359
0.00387359
0.00387359
0.00387359
0.00387359
0.00387359
0.00387359
0.00387359
0.00387359
0.00387359
0.00387359
0.00387359
0.00387359
0.00387359
0.00387359
0.00387359
0.00387359
0.00387359
0.00387359
0.00387359
0.0038735900.00387350.0.0038730.00.003870.000.00380.0030.0030.00350.000.003560.00.0035680.0.003568500.0035685
0.0035685
0.0035685
0.0035685
0.0035685
0.0035685
0.0035685
0.0035685
0.0035685
0.0035685
0.0035685
0.0035685
0.0035685
0.0035685
0.0035685
0.0035685
0.0035685
0.0035685
0.0035685
0.0035685
0.0035685
0.0035685
0.0035685
0.0035685
0.0035685
0.0035685
0.0035685
0.0035685
0.0035685
0.0035685
0.0035685
0.0035685
0.0035685
0.0035685
0.0035685
0.0035685
0.0035685
0.0035685
0.0035685
0.0035685
0.0035685
0.0035685
0.0035685
0.0035685
0.0035685
0.0035685
0.0035685
0.0035685
0.0035685
0.0035685
0.0035685
0.0035685
0.0035685
0.0035685
0.0035685
0.0035685
0.0035685
0.0035685
0.0035685
0.0035685
0.0035685
0.0035685
0.0035685
0.0035685
0.0035685
0.0035685
0.0035685
0.0035685
0.0035685
0.0035685
0.0035685
0.0035685
0.0035685
0.0035685
0.0035685
0.0035685
0.0035685
0.0035685
0.0035685
0.0035685
0.0035685
0.0035685
0.0035685
0.0035685
0.0035685
0.0035685
0.0035685
0.0035685
0.0035685
0.0035685
0.0035685
0.0035685
0.0035685
0.0035685
0.0035685
0.0035685
0.0035685
0.0035685
0.0035685
0.0035685
0.0035685
0.0035685
0.0035685
0.0035685
0.0035685
0.0035685
87359
0.00387359
0.00387359
0.00387359
0.00387359
0.00387359
0.00387359
0.00387359
0.00387359
0.00387359
0.00387359
0.00387359
0.00387359
0.00387359
0.00387359
0.00387359
0.00387359
0.00387359
0.00387359
422
0.000537422
0.000537422
0.000537422
0.000537422
0.000537422
0.000537422
0.000537422
0.000537422
0.000537422
0.000537422
0.000537422
0.000537422
0.000537422
0.000537422
0.000537422
0.000537422
0.000537422
0.000537422
0.000537422
0.000537422
0.000537422
0.000537422
0.000537422
0.000537422
0.000537422
0.000537422
0.000537422
0.000537422
0.000537422
0.000537422
0.000537422
0.000537422
0.000537422
0.000537422
0.000537422
0.000537422
0.000537422
0.000537422
0.000537422
0.000537422
0.000537422
0.000537422
0.000537422
0.000537422
0.000537422
0.000537422
0.000537422
0.000537422
0.000537422
0.000537422
0.000537422
0.000537422
0.000537422
0.000537422
0.000537422
0.000537422
0.000537422
0.000537422
0.000537422
0.000537422
0.000537422
0.000537422
0.000537422
0.000537422
0.000537422
0.000537422
0.000537422
0.000537422
0.000537422
0.000537422
0.000537422
0.000537422
0.000537422
0.000537422
0.000537422
0.000537422
0.000537422
0.000537422
0.000537422
0.000537422
0.000537422
0.000537422
0.000537422
0.000537422
0.000537422
0.000537422
0.000537422
0.000537422
0.000537422
0.000537422
0.000537422
0.000537422
0.000537422
0.000537422
0.000537422
0.000537422
0.000537422
0.000537422
0.000537422
0.000537422
0.000537422
0.000537422
0.000537422
0.000537422
0.000537422
0.000537422
0.000537422
0.000537422
0.000537422
0.000537422
0.000537422
0.000537422
0.000537422
0.000537422
0.000537422
0.000537422
0.000537422
0.000537422
0.000537422
0.000537422
0.000537422
0.000537422
0.000537422
0.000537422
0.000537422
0.000537422
0.000537422
0.000537422
0.000537422
0.000537422
